# Neural Network Model File
# Saved: 2025-12-06 12:48:48
# Filename: tetris_model_best_20251206_score45156.txt
#
-0.46062 -4.74371 -0.36859 -0.196229 -0.671969 -9.76347 0.343295 -0.465539 -0.26703 0.142491 0.0653493 -18.011 -4.8983 -16.2599 1.07758 -0.157168 0.0302164 -3.55867 -1.70805 -4.27795 -7.60845 0.077593 4.66132 -18.0451 -4.8249 -2.73926 0.334758 -4.82209 -0.267426 -0.47629 -0.314061 -0.266293 5.57836 -0.00218518 -0.330943 2.52374 -1.5092 -0.718002 -0.039466 19.7891 5.46223 2.36083 -0.658762 0.0311482 0.0553102 -0.195236 -0.124314 -0.298233 -0.401367 0.00983389 2.12571 -0.344338 0.101669 6.14088 -0.231318 -0.129853 2.05641 -1.09895 3.85333 -0.277983 -1.215 -0.450882 -14.2954 -0.231285 
0.0636541 -6.3875 -0.337635 -0.285553 -1.17115 -9.27455 0.0751667 -0.124183 0.180598 0.615034 -0.38134 -18.021 -6.52368 -17.6771 -0.741139 0.124825 0.247058 -7.77497 -2.74515 -6.43102 -10.1596 -0.172266 4.14929 -15.9232 -7.82319 -0.406899 -0.727711 -7.36007 -0.409088 0.16316 0.25034 -0.139008 3.4722 -0.137226 -0.49836 4.67204 -2.4302 -0.353578 -0.0124192 21.2441 5.15354 1.56197 -0.671078 -0.802819 -0.0536613 -0.346063 0.583691 -0.0669231 -0.672874 -0.0422749 2.42839 -1.10045 -0.145899 6.48818 0.169295 -0.0630473 1.60218 -0.844663 6.89445 0.1081 -1.52795 -0.129258 -15.0034 -0.256017 
-0.305033 -7.55069 -0.705509 0.138761 -1.34386 -10.0384 -0.25725 -0.0303309 -0.0278424 0.311619 -0.26357 -18.1145 -6.90194 -18.0032 -1.00699 -0.0197325 -0.368584 -9.18431 -2.15177 -5.93084 -11.1637 0.176182 3.76625 -17.0811 -7.76316 -0.791723 -0.0510426 -7.52689 -0.340839 0.232387 -0.555334 -0.107704 2.5791 0.131299 0.292663 4.51363 -2.79391 -0.267815 0.0141118 20.5967 4.73037 1.7188 -0.0529608 0.797388 -0.251481 -0.641499 0.566627 0.435411 -1.81483 -0.409984 1.86861 -0.530373 -0.141334 7.12952 -0.0510717 0.0479602 2.33752 -1.24617 6.39932 0.15264 -1.34611 -0.13732 -16.4232 -0.188259 
-0.126945 -6.0686 0.557432 -0.44158 -1.42799 -8.77155 -0.255216 -0.0487967 0.391698 0.22929 -0.527438 -14.2965 -6.087 -14.7698 -1.58794 -0.0181466 0.0603852 -2.83579 -1.74158 -4.83271 -5.77586 0.0853085 1.3035 -12.7037 -8.32748 -3.35496 -0.268422 -4.82846 -0.121699 -0.107157 0.019432 -0.491239 1.36362 -0.0899228 0.062695 3.00382 -2.82593 0.000310194 -0.112277 15.8424 1.60255 0.71384 -0.303552 -0.813794 0.0226027 -0.280915 -0.0758019 0.165852 -0.448988 -0.984056 1.72621 -0.568829 -0.341967 5.38456 0.0951566 -1.42734 1.07074 -1.31818 3.91004 0.321122 -1.13654 -0.311995 -11.3659 -0.660004 
-0.459285 -6.34824 -0.150056 0.0341062 -0.880781 -10.4468 -0.0235619 0.0153505 -0.329043 -0.477735 0.0354023 -13.4356 -6.44233 -13.5758 -1.97284 -0.0791962 -0.471243 -2.83122 -1.40581 -4.65023 -5.51443 -0.313474 0.390867 -15.3919 -8.28094 -4.96749 -0.144244 -8.55304 -0.480138 0.209209 -0.297947 -0.0980694 -1.26779 -0.560396 0.0234282 2.58813 -2.93308 0.0473004 -0.244008 16.3336 0.99138 0.633396 0.454869 -1.06953 -0.148688 -0.33522 -0.222119 0.11467 0.116201 -0.126344 2.01131 -0.67125 0.141743 5.2242 -0.0953498 -0.539305 1.13634 -1.06937 3.55527 0.828367 -0.885299 -0.717857 -12.1947 0.332615 
-0.329668 -8.74397 0.145133 -0.314484 -1.29979 -13.7594 -0.192355 0.198131 -0.0300136 0.36775 0.0615596 -14.1626 -9.32564 -21.5877 -5.49611 -0.0294991 -0.217728 11.3602 -2.24915 -8.40308 -2.89809 -0.184797 -3.30447 -19.6578 -7.48205 -7.42524 -0.134662 -9.11776 -0.32507 -0.00840241 -0.427997 0.0386966 1.59282 -0.424032 -0.318939 1.85872 -3.86416 -0.290309 -0.145273 18.4929 -3.04206 1.62997 0.988143 -0.663797 -0.0537793 0.34979 -0.209031 -0.231767 -9.59878 -0.689859 2.26505 -0.0514697 -0.226134 7.39105 0.0060025 -0.165111 0.604335 -0.658234 -4.54803 -1.67657 -1.34158 -0.210538 -16.2839 -0.516145 
-0.392505 -8.76479 -0.591893 -0.388826 -1.29899 -15.3834 -0.387449 0.0810733 -0.224501 -0.0882302 -0.426115 -13.1043 -8.67358 -23.9047 -4.62569 -0.0438918 -0.149595 14.462 -1.71821 -8.95336 -2.05598 -0.299009 -5.0022 -19.1784 -7.72222 -8.06254 -0.530454 -10.9883 -0.0223698 -0.145412 -0.340042 0.211177 1.77265 -0.3845 -0.395324 1.49598 -5.81542 0.219004 -0.0707288 20.2412 -5.26906 0.623496 -0.165699 -1.10358 0.282605 -0.164437 -0.558901 -0.183297 -10.9582 -0.374505 2.72307 0.148248 -0.022056 6.62715 -0.272809 0.661752 -0.328904 -0.619964 -5.9591 -1.03061 -1.23673 -0.511471 -17.1627 0.380797 
0.233131 -8.96397 -0.121415 -0.473496 -1.22861 -16.0839 0.0258927 -0.159566 -0.157954 -0.145412 0.0398578 -13.389 -8.71437 -23.7535 -3.563 0.193932 -0.0255859 14.0865 -2.2403 -9.31018 -2.6252 -0.0845664 -1.75751 -21.6017 -8.13125 -8.53813 -0.0933591 -10.636 -0.163015 -0.358644 -0.48497 -0.382241 2.52263 -0.063099 0.225235 1.30173 -4.79261 -0.738924 -0.54937 21.8934 -1.77665 1.23855 -0.847594 4.20381e-05 -0.426056 -0.436423 -0.439173 -0.682303 -12.1296 -0.152133 2.38494 -0.1618 -0.206569 7.52035 -0.291335 -0.193104 -0.419918 -0.893505 -6.45932 -1.67279 -1.28429 -0.0552676 -18.038 -0.133636 
-0.112521 -3.54356 -0.34406 0.0629276 -1.75859 -12.9953 -0.00694508 0.595499 -0.400159 -0.535215 -0.130518 -13.491 -2.23265 -19.9156 3.69998 -0.303414 0.253982 9.51534 -2.3956 -7.75486 -2.79497 0.441043 3.39711 -19.9535 -9.03039 -6.03663 -0.163614 -7.92819 0.455117 0.157628 -0.0387753 -0.409085 3.15873 0.342864 -0.0436153 1.43722 0.825498 0.161242 -0.257573 24.2496 3.47489 1.29296 -0.37487 0.131293 -0.482721 0.00869708 -0.152046 -0.610533 -4.26137 0.0174056 5.6065 0.638714 -0.129589 7.14548 -0.516516 -0.0867428 -0.901337 -0.513996 -3.6641 -0.416047 -1.90686 0.474353 -16.6898 0.275164 
-0.504948 -2.67067 -0.797583 -0.424635 0.186428 -4.62423 -1.23208 -0.382293 -0.261564 -0.918372 -0.241006 -13.0722 -2.57414 -8.91854 2.21761 -0.596769 -0.949939 -5.77391 -1.13545 -1.71939 -9.9164 -0.62369 7.01741 -9.42385 -5.35412 0.320746 -0.799206 -3.63823 -0.842345 -0.430948 -0.685316 -0.766482 5.52847 -0.132496 -0.720219 0.835688 1.27923 -0.205928 -0.666106 20.8169 7.6379 -1.27077 -1.3463 -1.21113 -0.338569 -1.16493 -0.146997 -0.922739 5.53376 -1.20169 0.862127 -0.190395 -0.720484 3.99435 -0.115935 -0.648776 3.13755 -2.31385 7.43013 0.813551 -0.203617 -0.764207 -6.59754 -0.93685 
-1.08935 -10.3763 -0.681286 -0.928301 -1.53092 -15.9021 -0.354283 -0.145062 -0.118116 -0.339428 -1.10988 -19.9202 -7.60386 -15.914 -4.71513 -0.518586 -0.792925 9.18184 -2.30838 -5.54435 -0.241145 -0.479435 -7.40447 -17.9462 -12.2811 -6.33359 -0.748522 -9.60989 -0.207979 -0.812486 -0.527383 -0.534371 5.08682 -0.974126 -0.467875 5.06033 -10.9811 -0.837421 -0.513421 23.8456 -6.65687 -2.24023 -1.17461 -1.08504 -0.545802 -0.927265 0.4318 -0.769547 1.31958 -0.448204 2.41236 -1.12955 -0.386991 8.04645 -0.914168 -0.592226 0.818483 -2.18847 4.27475 0.757794 -0.990392 -0.688973 -7.8004 -0.612547 
1.90339 12.2482 1.94397 1.80006 -5.18516 7.98886 1.60442 1.45837 1.80209 0.917189 2.10829 -0.291093 13.8453 10.0209 15.4229 1.77052 1.48509 2.24904 -5.43992 -11.3781 1.43885 1.4095 8.80139 6.67252 -9.07689 11.632 1.69674 -11.8898 1.39127 1.78801 1.56274 1.66184 -5.80503 1.55794 1.32523 -3.25598 8.40195 1.37573 0.777899 24.7388 9.3168 1.68175 2.13793 1.55205 1.30525 1.79067 -0.377164 2.06371 16.9367 1.80204 19.9363 1.74335 1.27035 8.61285 1.77717 1.66721 -7.47989 0.321728 13.7368 -6.51684 -4.8755 1.93238 11.3165 1.68369 
-0.144917 4.19231 -0.458361 -0.532974 -0.72209 4.7881 -0.639784 0.250811 0.267039 0.464351 -0.28169 -1.09201 4.51394 5.82874 3.80657 0.160934 0.479856 2.5067 -1.40624 -2.53961 1.38351 -0.100188 3.76043 4.99091 -1.65178 6.47444 -0.0514214 -2.24609 0.18938 -0.411313 -0.0351348 -0.197614 0.386028 -0.126017 -0.123908 -1.83453 2.22542 -0.239051 0.526724 10.0777 3.13611 -1.27438 -0.271614 -0.377272 -0.262958 -0.425672 -0.0439125 -0.377707 5.71041 -0.117689 5.27283 -0.378836 -0.0986368 1.94219 0.0504531 -0.415562 -2.78472 -0.280469 6.89203 -1.19201 -1.16926 -0.602757 6.04424 -0.167651 
-0.64467 9.91077 -1.12113 -0.705905 0.232357 11.9682 -0.694462 -0.650231 -0.633214 -0.682537 -0.707408 -3.31836 10.3665 12.6947 9.3949 -0.630405 -1.04369 8.7297 0.0988493 2.27772 4.63029 -0.659741 13.1766 15.2596 0.616016 9.95397 -0.853077 2.24341 -0.893121 -0.822576 -0.785232 -0.782484 1.45395 -0.557935 -1.07398 2.18928 9.95802 -0.512599 -1.01719 14.6739 13.6382 -3.4767 -1.24396 -0.996305 -0.660803 -1.01014 -0.294283 -0.952004 7.76888 -1.01578 -0.538085 -1.14134 -0.682481 1.01077 -0.6023 -0.704788 2.31565 -1.34849 14.4369 -0.277043 0.0697093 -0.944029 11.3577 -0.947225 
-0.592572 9.92591 -0.0978522 -0.191893 -0.586364 10.8738 -0.204828 -0.457056 -0.282806 -0.9619 -0.549778 -5.48303 8.40869 9.35924 7.87731 -0.24291 -0.117083 8.68234 0.0915999 2.08247 7.13265 -1.05824 14.7287 12.8853 -2.0103 9.63311 -0.246852 1.29719 -0.160757 -0.489287 -0.475222 -0.58447 0.957166 -0.20195 -0.373171 -0.177031 9.96136 -0.533815 -0.647031 22.4078 14.6949 -4.44752 -0.0583664 -1.15718 -0.23557 -0.1007 -0.0904811 -0.485146 6.40163 -0.426061 0.165652 -0.00450594 -0.307494 1.2857 -0.352963 -0.189592 0.0126548 -1.06588 15.2341 -0.0555457 0.0656048 -0.319404 9.88554 -0.67294 
-0.542513 9.90743 -0.832428 -0.862419 -0.200382 10.6224 -0.650907 -0.482378 -0.601314 -0.702654 -0.745949 -3.76068 9.0756 9.13083 9.22552 -0.741372 -0.687956 11.7351 -0.174615 2.16203 7.63945 -0.505263 13.7275 12.5811 0.486748 9.64001 -1.11654 1.13819 -0.978755 -0.565551 -0.6524 -0.737451 1.71294 -1.09523 -0.959395 0.472379 9.96629 -0.938879 -0.841529 17.4571 13.7349 -3.54268 -0.708292 -0.405755 -0.613196 -1.06154 -0.297978 -1.13805 8.43382 -1.18413 0.0815947 -0.326157 -0.719385 0.574422 -0.631846 -0.396543 0.922649 -1.39409 15.1267 -0.372064 0.0383051 -1.13678 9.64583 -0.698253 
-0.653431 9.90734 -0.990261 -0.443146 -0.544227 10.9171 -0.514909 -1.13954 -0.655993 -1.04798 -0.570955 -4.54731 8.5536 9.56055 8.68779 -0.824776 -0.406321 14.4268 -0.476509 2.32844 7.72495 -0.398717 15.8777 12.7911 1.14403 9.91444 -0.538666 1.06417 -0.587512 -0.184633 -1.01538 -0.611827 1.36766 -0.517728 -0.642197 -0.766684 9.95335 -0.525525 -0.661548 17.5249 15.897 -4.42598 -0.670967 -1.44142 -0.845658 -0.417584 -0.61759 -0.69466 7.83071 -0.510862 0.818048 -0.188338 -0.632715 0.701936 -0.633648 -0.58129 -0.878006 -1.83202 14.6082 -0.0776603 -0.360691 -0.51038 9.48929 -0.782326 
-0.524104 9.68915 -0.629686 -0.678744 0.154495 10.556 -0.634105 -0.872267 -0.500197 -0.591795 -0.40834 -4.86033 8.52923 9.32717 7.7533 -0.531144 -0.398662 10.8929 0.0338496 2.06415 7.70329 -0.415957 13.4926 13.0144 0.347792 9.33467 -0.507745 1.57188 -0.401764 -0.716211 -0.58334 -0.50535 0.944835 0.0645086 -0.679794 -0.141245 9.94257 -0.660072 -0.275678 18.9998 13.646 -3.92228 -0.721921 -0.624049 -0.741012 -0.277614 -0.557432 -0.994 6.89598 -0.792922 -0.118632 -0.680954 -0.778812 0.565079 -0.466544 -0.606179 0.493752 -1.28613 12.3756 -0.306262 0.0440883 -0.532236 9.7271 -1.06919 
-0.63945 9.8491 -0.525951 -0.566246 0.0260313 10.8906 -0.862085 -0.797743 -0.665946 -1.01268 -0.675681 -4.30718 9.46877 9.89362 8.9069 -0.568005 -0.441628 12.2454 0.0652651 1.96559 6.64703 -0.422734 13.8818 13.3436 0.50102 9.63849 -0.857036 1.46796 -0.483797 -0.380009 -0.946255 -0.285733 1.34949 -0.313854 -0.596376 0.113041 9.94726 -0.630087 -0.704578 20.1568 13.9724 -3.9871 -0.677737 -0.633106 -0.750093 -0.637989 -0.618919 -0.625797 6.55245 -0.28618 -0.0121403 0.014779 -0.667858 0.946783 -1.00595 -0.821875 0.36998 -1.20355 11.7848 -0.303291 0.0299916 -0.982817 9.88546 -0.381279 
-0.856085 9.89674 -0.694028 -0.905546 0.195517 11.0645 -0.466771 -0.227108 -0.313074 -0.543451 -0.900361 -4.96786 9.13311 10.0246 8.08482 -0.535987 -0.717601 9.79534 0.0555473 1.96254 7.32582 -0.601223 12.3901 13.6113 0.832935 9.39029 -0.872644 1.65467 -0.734158 -0.391315 -0.605586 -0.989348 1.17115 -0.218121 -0.471306 0.732582 9.94393 -0.702031 -0.435252 18.838 12.6846 -2.78588 -0.445351 -1.24047 -0.37969 -0.38384 -0.0421322 -0.508206 7.98874 -0.656284 -0.26948 -1.01621 -0.57766 0.909425 -0.460705 -1.25225 1.2451 -1.10297 14.1979 -0.249626 0.0562439 -0.973382 10.3041 -0.466754 
-0.960602 10.0468 -1.08605 -0.861382 0.0412464 10.8168 -0.463392 -0.847948 -0.539287 -0.763825 -0.710946 -4.29119 9.43899 11.4257 9.23336 -0.291456 -1.14717 9.82249 -0.0482265 2.12666 7.37179 -0.537731 14.5266 13.7486 -1.73453 9.51954 -0.282755 1.8118 -0.552315 -0.60188 -0.906273 -0.871871 1.07669 -0.347189 -0.539801 0.736577 9.95641 -0.533777 -0.507498 20.0303 14.8326 -4.05749 -1.40392 -0.22139 -0.425525 -0.421455 -0.315019 -0.70071 7.42527 -0.563642 0.16264 -0.000210274 -0.548228 1.40647 -0.360701 -0.432363 0.204785 -1.22929 13.6286 -0.26327 -0.305582 -0.044602 10.0834 -0.677731 
-0.597026 9.91899 -0.796623 -0.874888 0.308166 11.3478 -0.793174 -0.499442 -0.497313 -0.805375 -0.685622 -3.8507 9.13329 9.49884 8.40272 -0.76315 -0.690043 10.0458 -0.178545 2.32397 6.95638 -0.62099 13.4321 13.1976 0.245362 9.91323 -0.494528 1.8916 -0.932482 -0.724985 -0.513355 -0.693336 1.02552 -0.707565 -0.849758 1.33325 9.84368 -0.789574 -0.752362 16.6447 13.2749 -3.46985 -0.931058 -1.64937 -0.707362 -0.496989 -0.150226 -0.243994 7.80333 -0.926031 0.0716665 -1.31575 -0.598977 0.0309078 -0.568172 -0.740715 1.53417 -1.07688 13.9397 0.0984728 0.0405034 -0.995744 10.2599 -0.769583 
-0.529982 9.8002 -0.751864 -0.245484 -0.0618452 10.8556 -0.376663 -0.736885 -0.506748 -0.314105 -0.513603 -4.91961 9.60553 9.46736 8.08741 -0.803292 -0.422746 11.8217 -0.0870332 1.9706 7.34951 -0.656592 14.4281 12.724 1.19482 9.94475 -0.65934 1.25562 -0.438604 -0.476543 -0.708381 -0.534548 1.1944 -1.06231 -0.333176 -0.14529 9.87795 -0.2466 -0.573523 18.7227 14.22 -4.74667 -0.234954 -1.44828 -0.368613 -0.458053 -0.4006 -0.54325 7.07581 -0.835603 0.295341 -0.837142 -0.117353 0.948221 -0.273288 -0.276658 -0.51413 -1.10614 13.842 0.154007 0.0500789 -0.162792 9.84773 -0.473273 
-0.542789 10.004 -1.23717 -1.04833 0.282522 11.0227 -0.579166 -0.711483 -0.38728 -0.588932 -0.813168 -5.06298 8.82724 9.25917 8.8701 -0.375492 -0.87998 10.2254 -0.147344 2.09918 6.93081 -0.801176 13.4633 12.7561 1.26245 9.94109 -0.891015 1.38435 -0.466667 -0.736133 -1.1682 -0.852524 1.33649 -0.323376 -0.532383 0.392884 9.94416 -0.840626 -0.574521 18.2452 13.5261 -3.20538 -0.796855 -0.399692 -0.526766 -0.449051 -0.0770997 -0.472469 8.4439 -1.40815 0.261265 -0.704561 -0.284806 1.16058 -0.440862 -1.15686 1.1514 -0.958644 14.5125 -0.122882 0.131719 -0.495344 9.75912 -0.518026 
-1.06026 9.94225 -1.29852 -0.473531 -0.191905 11.3384 -0.732398 -0.759813 -0.634977 -0.657088 -0.857297 -4.89258 9.31343 9.18617 9.22743 -0.628209 -0.704049 12.642 -0.115376 2.02258 7.26858 -0.82568 14.8735 13.2349 0.873969 9.88173 -1.19168 1.71889 -0.825502 -0.744442 -0.846058 -0.726677 1.63658 -0.61828 -0.723568 -0.0138094 9.85754 -0.616012 -0.783829 18.9996 14.9392 -3.77452 -0.953129 -0.926238 -0.685383 -0.573642 -0.44626 -1.0974 7.28496 -1.07674 0.376958 -0.723659 -0.666348 0.998649 -0.925146 -0.989588 0.460059 -1.00345 14.0027 0.17292 -0.570968 -0.759517 10.3175 -0.800863 
-0.657378 9.98934 -0.436189 -0.424451 0.322289 11.3657 -0.441807 -1.13675 -0.187661 -0.651859 -0.511078 -4.33843 9.47339 10.0932 7.97296 -0.333037 -0.896413 10.6586 -0.15526 2.02046 5.99294 -0.635274 13.9711 13.731 0.797545 9.48508 -0.334404 1.95689 -0.502329 -0.895031 -0.398427 -1.01348 1.46102 -0.659419 -0.710138 0.441317 9.91725 -1.08327 -0.713134 18.1945 13.8588 -3.52821 -0.295044 -0.692689 -0.837693 -0.645902 -0.183245 0.0574221 5.66257 -0.633922 0.0822329 -0.995653 -0.571963 0.107309 -0.476306 -0.461099 1.08511 -1.1281 12.2139 -0.0230483 0.0691596 -0.855893 10.3487 -0.127148 
-0.38959 10.0124 -0.226699 -0.25218 -0.207064 10.8862 -0.875518 -0.705753 -0.200544 -0.407622 -0.560006 -4.6743 9.52424 9.44801 8.53873 -0.561954 -0.460321 12.7624 -0.0438806 2.11597 7.32607 -0.622593 12.9831 13.0616 -0.262169 9.32854 -0.760408 1.45946 -0.539118 -0.723671 -0.944479 -0.78039 0.738058 -0.410396 -0.313427 0.302345 9.95028 -0.703699 -0.51452 19.3978 12.873 -5.03328 -0.529462 -0.722639 -0.522296 -0.484319 -0.0755943 -0.684676 6.76851 -0.677854 0.315087 -0.510698 -0.369508 1.18213 -0.480391 -0.983589 -0.179042 -1.11065 13.3994 -0.304944 0.102519 -0.829243 10.1078 -0.497432 
-4.81525 -19.8852 -5.02984 -4.60702 -0.566745 -16.9164 -4.28394 -4.97969 -4.0718 -4.09512 -4.19471 -19.7564 -19.8382 -12.3201 -19.9385 -4.05373 -4.47243 -6.47705 -0.0146703 -4.64754 -15.0927 -4.26228 -14.3534 -19.8443 -7.50992 -19.8957 -4.29536 0.606619 -4.4037 -3.99951 -5.39317 -4.69358 -1.16044 -4.59687 -4.08979 3.25816 -19.8694 -4.62992 -4.3288 19.4167 -13.8154 -19.8659 -4.97515 -5.47051 -4.25469 -4.81317 -3.81893 -4.54436 -19.5586 -4.82261 1.30077 -5.41355 -4.24823 6.4333 -4.30427 -4.69895 4.21728 -8.35454 -1.41307 -1.38665 -0.135381 -4.80903 -15.0841 -4.8314 
19.0497 
9.82239 
18.9999 
18.7025 
19.8996 
-1.9151 
17.7461 
15.4377 
14.269 
15.009 
18.4485 
-18.7912 
3.2573 
-1.78446 
2.00995 
15.635 
18.0463 
11.3551 
19.8857 
6.71512 
19.7261 
16.7406 
4.45063 
5.94128 
-1.4009 
14.0437 
18.7506 
-1.86115 
18.2307 
16.0904 
19.1982 
18.8129 
-8.01684 
17.8806 
17.6103 
15.9132 
6.75799 
18.8566 
18.4608 
0.769461 
5.04891 
-2.32112 
19.1535 
19.3267 
17.8342 
19.0683 
6.99168 
18.4968 
11.4138 
19.12 
-19.703 
19.1176 
17.7464 
1.95696 
17.9153 
18.82 
15.5392 
17.7851 
3.43651 
19.7769 
19.8716 
18.8114 
-1.38598 
18.3449 
-7.57073 

# Training State Metadata
FILENAME tetris_model_best_20251206_score45156.txt
EPSILON 0.336567
EPSILON_MIN 0.05
EPSILON_DECAY 0.995
LEARNING_RATE 0.002
GAMMA 0.995
TRAINING_EPISODES 210401
TOTAL_GAMES 8978
BEST_SCORE 45156
AVERAGE_SCORE 315.56
PREVIOUS_AVG_SCORE 315.56
