# Neural Network Model File
# Saved: 2025-12-05 19:25:15
# Filename: tetris_model_best_20251205_192515_score16216.txt
#
-0.225743 -3.18644 -0.157191 0.0348117 -0.592363 -2.87293 0.357887 -0.577727 -0.220351 -0.0249431 0.234542 -18.0248 -2.72561 -2.95199 -3.0433 -0.153906 0.00208512 -3.14556 -0.53078 -2.74158 -3.17553 0.00936563 -3.00062 -3.32705 -2.77412 -3.1494 0.539878 -2.84407 -0.112516 -0.458287 -0.145911 -0.0533985 -2.74802 0.0125822 -0.279107 -0.455415 -3.19229 -0.551538 0.0192139 -3.16915 -2.93704 -0.264715 -0.377521 0.454422 0.0655514 0.0827729 -0.319342 -0.232489 -3.26625 0.320685 1.241 -0.110612 0.136905 0.196237 -0.150832 0.0393551 0.949326 0.0882227 -3.20233 0.240223 -1.17461 -0.191285 -3.37266 -0.0603026 
0.292822 -2.82518 -0.0340309 -0.11806 -0.990093 -3.19867 0.0945509 -0.413086 0.0644532 0.201729 -0.225596 -18.1415 -2.99237 -3.30183 -3.16898 0.110682 0.213669 -2.95922 -0.64718 -2.92775 -2.90694 -0.218472 -3.09135 -3.07865 -2.80086 -2.67787 -0.537491 -2.7053 -0.280656 0.164078 0.249637 0.0110788 -2.87848 -0.116617 -0.456557 1.13707 -2.87853 -0.174767 0.0886013 -2.70294 -3.03438 -0.197243 -0.376961 -0.374068 -0.0315908 -0.0612394 0.143892 -0.0145185 -3.17756 0.226133 1.15411 -0.777048 -0.120382 1.03238 0.254153 0.107778 1.56563 0.301153 -2.83937 0.573652 -1.41366 0.14278 -3.21218 -0.0616578 
-0.0215022 -3.69485 -0.317407 0.35078 -1.31929 -3.05106 -0.194831 -0.243034 -0.0306823 -0.0557017 -0.0800529 -18.0912 -2.83779 -2.90465 -2.93145 -0.0150331 -0.361956 -2.96581 -0.545508 -3.31181 -2.88177 0.16846 -3.35043 -3.16803 -3.132 -2.57429 0.176634 -2.96285 -0.176067 0.253528 -0.437626 0.0890563 -2.65653 0.195849 0.359265 1.02645 -3.03821 -0.0725034 0.23874 -3.39702 -3.29541 -0.125015 0.264313 1.26855 -0.186266 -0.320997 0.0857404 0.530752 -3.06688 -0.105423 1.46011 -0.134235 -0.0759223 0.862959 0.0536108 0.277363 1.19819 0.0683017 -3.0746 0.438692 -1.37158 0.156392 -3.18231 0.0845505 
0.139718 -1.76564 0.850176 -0.165721 -1.29104 -1.90696 -0.199791 -0.283322 0.350876 0.0755145 -0.361598 -14.3994 -1.8129 -1.96453 -1.71129 -0.0131008 0.0909865 -1.94657 -0.799611 -1.78774 -1.93942 0.0981057 -1.56912 -2.07819 -1.71133 -1.81501 -0.0746126 -1.68786 0.0247059 -0.0864282 0.0771641 -0.223462 -1.8914 -0.0322041 0.1261 1.28522 -1.94499 0.161657 -0.124621 -1.76273 -1.98946 -0.00502792 0.0362836 -0.292787 0.0788079 -0.0130532 -0.306338 0.248457 -1.78614 -0.640887 0.740085 -0.2728 -0.283376 0.193498 0.183568 -1.21451 0.215765 -0.306792 -2.00995 0.21348 -0.988278 0.0290524 -1.62384 -0.446026 
-0.142242 -2.4587 0.204284 0.354132 -0.729017 -2.07058 0.112622 -0.0454705 -0.258829 -0.566219 0.261395 -13.5663 -2.40182 -2.24828 -2.10134 0.00191216 -0.351338 -2.3137 -0.171878 -2.31945 -2.47854 -0.218323 -2.34914 -2.3512 -2.13612 -2.22632 0.112215 -2.028 -0.272636 0.304476 -0.070109 0.212799 -2.20202 -0.420757 0.171646 1.26413 -2.33918 0.287641 -0.0473022 -2.31314 -2.41617 -0.0137555 0.832909 -0.506749 -0.0109772 -0.00446999 -0.428152 0.280603 -2.49184 0.266855 0.952535 -0.306764 0.287752 0.22488 0.078257 -0.24885 0.796345 0.0608141 -2.34374 0.645283 -0.710138 -0.361278 -2.39762 0.625266 
-0.239216 -3.2647 0.255125 -0.187005 -0.989951 -2.89347 -0.14158 0.0353708 -0.00831485 0.253698 0.120832 -14.4813 -2.97815 -3.36273 -3.38898 -0.0444931 -0.16567 -3.19843 -1.19053 -2.83714 -3.39519 -0.148518 -3.01067 -3.23062 -3.11001 -3.05348 -0.0762592 -2.98461 -0.300658 -0.018542 -0.39085 0.159287 -2.97839 -0.36886 -0.234911 1.62998 -3.25762 -0.192 -0.199842 -3.27537 -3.04228 0.173511 1.12807 -0.383554 0.00372875 0.458957 -0.202094 -0.148646 -3.37059 -0.523878 1.47523 0.0564822 -0.138718 1.06608 0.0996101 -0.0939729 0.240051 -0.192371 -3.08632 0.416448 -0.925882 -0.118217 -3.41152 -0.458345 
-0.105189 -2.63122 -0.353903 -0.0555874 -0.877489 -2.97607 -0.189867 0.0482253 -0.0336363 -0.0361727 -0.189153 -13.5133 -2.6034 -2.73053 -2.36179 0.117729 0.0618533 -2.44497 -0.416562 -2.93262 -2.76122 -0.106543 -2.46107 -2.73185 -2.52868 -2.43373 -0.283508 -2.29874 0.195254 0.0208902 -0.178236 0.538646 -2.50231 -0.180377 -0.162403 1.61095 -2.52118 0.473284 0.0439876 -2.62117 -2.93517 -0.550485 0.179308 -0.63336 0.492556 0.12485 -0.340029 0.0419343 -2.7199 -0.0160968 1.51784 0.372234 0.208849 -0.0406804 -0.030632 0.901182 0.430322 -0.0245566 -2.61938 0.397937 -0.689007 -0.224749 -2.62654 0.592573 
0.457519 -2.53721 0.127445 -0.227829 -0.828069 -2.32617 0.272769 0.0485384 0.127623 0.0561127 0.280822 -13.7528 -2.42523 -2.31272 -2.35822 0.379782 0.277894 -2.34277 -0.578727 -2.11759 -2.18817 0.191499 -2.03397 -2.44108 -2.16878 -2.59565 0.141512 -2.24164 0.0394138 -0.169806 -0.114748 -0.147833 -2.18538 0.190115 0.502685 1.44594 -2.45529 -0.448254 -0.206947 -2.47842 -2.23736 -0.146138 -0.641593 0.314966 -0.169188 -0.160767 -0.106076 -0.414931 -2.40702 0.112112 1.27087 0.0907751 0.0594334 1.39452 -0.00121917 0.00272402 0.906975 -0.0672626 -2.36223 1.43827 -0.814159 0.137742 -2.14543 0.0491542 
-0.123066 -1.60572 -0.195497 0.0703674 -1.03778 -1.17432 -0.0369668 0.457789 -0.569877 -0.385496 -0.0390831 -14.18 -1.02885 -1.21191 -1.31274 -0.22914 0.287348 -1.38705 -0.480733 -1.4225 -1.66542 0.463217 -1.44935 -1.407 -1.05787 -1.19837 -0.12368 -1.00817 0.481373 0.230977 -0.0927124 -0.408458 -1.04583 0.319 0.00347791 -0.232795 -1.24233 0.240181 -0.470977 -1.60825 -1.46357 -0.532503 -0.432005 0.156323 -0.503316 0.0642346 0.0650214 -0.624062 -1.59754 0.0340898 0.680301 0.80465 -0.124459 0.855716 -0.447086 -0.043366 0.980215 -0.295818 -1.3256 -0.116379 -1.10738 0.460091 -1.59338 0.361497 
0.291563 -1.66123 -0.0400074 0.291822 -0.155452 -1.59463 -0.781227 0.0333824 0.175452 -0.586841 0.376598 -12.7451 -1.53607 -1.75177 -1.43671 -0.178373 -0.563186 -1.59451 -0.910175 -1.49462 -1.55742 -0.279326 -1.23451 -1.69469 -1.42695 -1.57237 -0.10409 -1.38249 -0.209199 0.00384693 0.0441677 -0.0625769 -1.42756 0.314761 -0.243588 -0.720199 -1.70108 0.410042 0.104235 -1.42642 -1.79559 -0.322815 -0.539773 -0.240057 0.110037 -0.38892 0.0976093 -0.408315 -1.52234 -0.397632 0.591898 0.599351 -0.230577 -0.392577 0.394107 0.0562234 0.141167 -0.338726 -1.58274 -0.480472 -0.458962 0.0244163 -1.53138 -0.221888 
-0.364441 -0.10127 -0.160224 -0.33814 -1.70804 -0.350436 0.176005 0.159725 0.315365 -0.248798 -0.494762 -19.8214 -0.612322 0.0994723 -0.372229 -0.125359 -0.312565 -0.264842 -0.963359 -0.701076 -0.352539 -0.0342669 -0.37856 -0.327153 -0.532525 -0.487555 -0.100277 -0.501282 0.356073 -0.398797 0.178502 0.0350005 -0.472672 -0.441264 0.0379877 0.908717 -0.503131 -0.181815 0.115435 -0.281397 -0.470815 -0.139228 -0.471897 -0.135812 -0.0146381 -0.156352 0.356954 -0.193623 -0.445064 0.27848 2.19376 -0.594623 0.147865 1.16958 -0.371734 -0.149698 1.4306 0.00500155 -0.379553 1.06541 -1.06015 -0.0911828 -0.0711513 -0.16754 
1.74691 6.25382 1.46394 1.59471 -1.66504 6.09651 1.59744 1.749 1.99588 1.80687 2.04483 -3.79082 6.74991 6.65533 6.53097 1.70658 1.51152 6.69057 -1.62649 6.32482 6.7792 1.42744 5.79467 6.52431 6.38632 6.47003 1.59816 6.33809 1.2816 1.72418 1.83786 1.44546 6.87379 1.55367 1.29141 7.29958 6.5864 1.3356 1.41576 6.38277 6.30615 2.13745 1.81123 1.31308 1.30107 1.70523 1.39032 2.05192 6.29658 1.61693 7.6163 1.24467 1.25505 7.63383 1.74025 1.22406 7.57912 0.84074 6.28702 7.46455 -1.34816 1.53376 6.53255 1.22743 
0.421436 1.64371 0.0167948 0.0139528 -0.104293 1.92949 -0.18223 0.527436 0.55418 0.944294 0.211193 -1.70859 1.93285 2.0845 1.11252 0.603608 0.890439 1.49708 -0.325336 2.00391 2.04464 0.318082 2.21388 1.31441 1.78211 1.88712 0.471627 1.77761 0.694586 0.0360995 0.322635 0.348265 1.91861 0.330058 0.337178 0.888809 1.54219 0.262925 1.01019 2.20448 1.49913 0.387438 0.313291 0.262487 0.193439 0.12282 0.567036 0.0930886 2.14408 0.456491 2.11691 0.0863649 0.363605 1.35387 0.522321 0.0551151 1.56635 0.450979 1.87398 1.56963 -0.526197 -0.0607103 2.26478 0.292672 
-0.1066 3.47145 -0.659461 -0.228639 -0.313159 3.26071 -0.335043 -0.135436 -0.313733 -0.70445 -0.3242 -2.02112 3.12517 3.33452 3.11331 -0.322305 -0.67353 3.22454 0.335381 3.31092 3.23821 -0.301336 3.27545 3.56201 3.04413 3.18578 -0.413719 3.0282 -0.471888 -0.512834 -0.246855 -0.297966 3.08202 -0.203648 -0.739591 -0.381519 3.37084 -0.145833 -0.592006 3.38849 3.44978 -0.658985 -0.687122 -0.38592 -0.307511 -0.522826 -0.305312 -0.608406 3.52189 -0.54763 -0.0473968 -0.652751 -0.360571 -0.359173 -0.251061 -0.31672 -0.363167 -0.41769 3.34026 -0.133229 -0.536678 -0.479945 3.38427 -0.586979 
-0.406611 0.763365 0.141287 0.0346178 -0.659942 0.775654 -0.059905 -0.168588 -0.0153399 -0.449498 -0.391808 -5.33702 0.773184 0.884099 0.820427 -0.128923 0.045969 0.87356 0.0597624 0.862578 0.763046 -0.909294 0.75928 0.983937 0.759595 0.831393 -0.0658247 0.865889 0.00358139 -0.366794 -0.174657 -0.360928 0.828081 -0.0517726 -0.218508 -0.215332 0.933908 -0.366799 -0.236723 0.793445 0.843217 -0.125044 0.162971 -0.795835 -0.0839103 0.0981334 0.115294 -0.31503 0.976732 -0.145734 -0.285356 0.247072 -0.145625 -0.154134 -0.210356 0.0230373 0.211331 -0.274116 0.928213 -0.120909 -0.00675113 -0.126671 0.949564 -0.435502 
-0.138431 2.74953 -0.470616 -0.498142 -0.657289 2.59183 -0.29853 -0.158014 -0.187387 -0.410208 -0.288673 -3.30398 2.54397 2.7442 2.52113 -0.349895 -0.344538 2.69095 -0.0564928 2.70179 2.68536 -0.182927 2.52392 2.86335 2.6154 2.69698 -0.703088 2.58242 -0.582747 -0.168235 -0.182757 -0.384445 2.75213 -0.742361 -0.577448 -0.211023 2.68777 -0.498827 -0.356553 2.7166 2.8108 -0.369626 -0.314108 0.00403893 -0.266103 -0.617192 -0.00859983 -0.770601 2.76698 -0.772276 -0.310431 0.0605183 -0.360089 -0.166612 -0.226093 -0.0798081 0.114216 -0.618775 2.73661 -0.162272 -0.731084 -0.781262 2.66737 -0.390967 
-0.377465 3.17918 -0.787039 -0.142888 -0.38344 2.80727 -0.215232 -0.705898 -0.324412 -0.508071 -0.342966 -4.75666 2.66557 2.98338 2.79974 -0.617215 -0.0936055 2.90255 -0.00445916 3.0648 2.91437 -0.127174 2.71643 3.30119 2.7545 2.83128 -0.282661 2.72196 -0.353585 0.0237594 -0.50679 -0.31791 2.751 -0.21656 -0.347271 -0.0863006 2.98937 -0.213254 -0.137586 3.0741 3.18564 0.0496107 -0.39558 -1.06538 -0.548054 -0.128788 -0.222946 -0.405815 3.14018 -0.186366 -0.132304 0.0454988 -0.343887 -0.13283 -0.342301 -0.353627 -0.179522 -0.917032 3.04825 -0.231274 -0.429115 -0.210165 3.02127 -0.580675 
-0.169981 1.44663 -0.26772 -0.406305 -0.348292 1.13421 -0.260196 -0.421099 -0.135132 -0.250867 -0.139666 -4.33429 0.932122 1.2552 0.978088 -0.296006 -0.0535421 1.07808 -0.164235 1.23801 1.16771 -0.0428737 0.948937 1.46064 1.02873 1.07671 -0.228591 0.914054 -0.139334 -0.477818 0.00062341 -0.236187 1.11892 0.453243 -0.406578 -0.326239 1.19234 -0.384783 0.0902391 1.27231 1.37257 -0.0993953 -0.365689 -0.210051 -0.345991 0.0179105 -0.12435 -0.67479 1.32555 -0.464679 -0.256707 -0.298536 -0.472507 -0.0292142 -0.195755 -0.303829 0.354033 -0.200567 1.18512 -0.231099 -0.190409 -0.215332 1.18101 -0.746604 
-0.452859 3.49918 -0.352003 -0.445192 -0.288206 3.13723 -0.660381 -0.429589 -0.311942 -0.733515 -0.468866 -3.96383 3.08553 3.30295 3.0847 -0.399722 -0.165699 3.23906 0.204494 3.2798 3.17721 -0.197795 3.1541 3.50467 3.04398 3.17761 -0.697529 3.00901 -0.336146 -0.205952 -0.534143 -0.163313 3.03113 -0.109479 -0.417034 -0.229899 3.31576 -0.392169 -0.44339 3.38677 3.43224 -0.278856 -0.515486 -0.455301 -0.564411 -0.43966 -0.202618 -0.394935 3.40333 -0.132552 0.0104894 0.203251 -0.471816 -0.161567 -0.821796 -0.692553 -0.189312 -0.397432 3.303 -0.133313 0.0253951 -0.860034 3.34012 -0.24902 
-0.510217 2.07171 -0.209689 -0.567771 -0.482331 1.7124 -0.234972 -0.098609 -0.0216213 -0.339709 -0.569642 -4.32944 1.69151 1.8318 1.77435 -0.270058 -0.450193 1.84999 -0.306964 1.88699 1.778 -0.34112 1.71647 2.09249 1.72538 1.91634 -0.559142 1.78592 -0.447712 -0.118987 -0.358808 -0.656517 1.84921 0.0255592 -0.234304 -0.284757 1.90885 -0.379991 -0.22329 1.9221 2.09035 0.232124 0.00272991 -0.734718 -0.133869 -0.0306962 0.116994 -0.274175 1.96048 -0.258944 -0.371502 -0.540237 -0.349774 -0.165078 -0.185085 -0.824498 0.0972632 -0.258212 1.96119 -0.0660246 -0.0903214 -0.516583 1.90393 -0.0207026 
-0.805872 3.37816 -0.931276 -0.767239 -0.258435 3.18365 -0.297945 -0.554111 -0.171273 -0.415097 -0.539162 -4.03129 3.3212 2.9891 3.15053 -0.184714 -0.98208 3.36806 0.113211 3.18607 3.15651 -0.393263 3.15501 3.25775 3.1326 3.26394 -0.173895 3.23681 -0.46049 -0.48894 -0.549163 -0.775082 3.06436 -0.17828 -0.394303 -0.325463 3.18006 -0.38285 -0.214884 3.23931 3.23298 -0.407635 -1.23931 0.00417158 -0.253665 -0.26214 -0.017054 -0.54634 3.14485 -0.417915 0.0176382 0.17122 -0.392536 -0.395456 -0.220572 -0.338576 -0.304123 -0.227501 2.94681 0.0506222 -0.690747 0.130183 3.31437 -0.627301 
-0.276934 4.31696 -0.431905 -0.559417 -0.139706 3.93642 -0.54453 -0.446056 -0.306633 -0.719633 -0.424911 -3.09105 3.99999 3.75542 3.8039 -0.53413 -0.525181 4.19584 0.203084 3.93056 3.99988 -0.43294 3.81718 4.13952 3.83494 4.02043 -0.192714 3.86488 -0.654134 -0.497399 -0.365064 -0.382216 3.74527 -0.463335 -0.581552 -0.141812 4.0044 -0.497699 -0.398843 4.12385 4.04189 -0.598057 -0.557231 -1.24899 -0.445535 -0.179312 -0.121866 -0.0151439 3.86676 -0.589726 0.032346 -0.905009 -0.362395 -0.0582151 -0.27448 -0.408488 -0.404511 -0.560387 3.78484 0.0635307 0.0267397 -0.678348 4.06259 -0.449292 
-0.203817 1.75959 -0.431757 0.0626422 -0.254411 1.40845 -0.125216 -0.204906 -0.0660146 0.205799 -0.292583 -4.59666 1.47319 1.22778 1.37995 -0.643684 -0.0958711 1.57773 -0.0585582 1.46182 1.40392 -0.351011 1.39663 1.52118 1.30827 1.48488 -0.441123 1.39947 -0.237546 -0.307806 -0.122831 -0.239229 1.18851 -0.807597 -0.157551 -0.137108 1.45587 -0.0406628 -0.113464 1.574 1.56603 -0.280764 0.0942185 -1.02756 -0.127614 -0.198742 0.129557 -0.306694 1.3782 -0.46193 -0.0274203 -0.534924 0.0722569 -0.15669 -0.100586 0.00141751 -0.053139 0.0147837 1.13749 0.00735523 0.151487 0.127942 1.56204 -0.188313 
-0.135214 2.52121 -0.811895 -0.652839 0.0970878 2.21264 -0.2633 -0.301002 -0.0514618 -0.447013 -0.443383 -4.37955 2.2114 2.04174 2.08805 -0.10366 -0.455037 2.37351 -0.173503 2.256 2.25668 -0.448329 2.08938 2.39713 2.08582 2.20596 -0.519431 2.09493 -0.118088 -0.45549 -0.689812 -0.464094 2.01433 0.0049289 -0.246082 -0.0659793 2.23897 -0.50808 -0.214145 2.31226 2.31245 -0.27733 -0.312811 0.142131 -0.21363 -0.0351413 -0.0243177 -0.151239 2.18201 -0.987624 0.0300664 -0.28711 0.00396856 -0.163825 -0.148381 -0.815229 -0.0271861 -0.158539 1.98176 0.052201 -0.0454264 -0.0503054 2.32303 -0.133496 
-0.585391 2.76047 -0.847269 -0.0911579 -0.638233 2.54065 -0.308925 -0.377569 -0.172143 -0.390648 -0.449859 -4.45475 2.55418 2.30221 2.36828 -0.2541 -0.241882 2.6169 0.0313736 2.50387 2.4835 -0.388894 2.40822 2.5603 2.37871 2.46332 -0.764077 2.46174 -0.410966 -0.365658 -0.273807 -0.338808 2.29661 -0.189392 -0.294894 -0.131524 2.48284 -0.134805 -0.424671 2.61408 2.53028 -0.469605 -0.50351 -0.450964 -0.2642 -0.114854 -0.0732223 -0.630612 2.47757 -0.640308 0.0613165 -0.231317 -0.214234 -0.075999 -0.492686 -0.599404 -0.0969016 -0.187782 2.16598 0.0383699 -1.02232 -0.352783 2.67198 -0.370358 
-0.316582 1.52298 -0.169182 -0.0747386 -0.308944 1.42701 -0.137063 -0.811728 0.0407372 -0.226596 -0.215903 -3.8375 1.53357 1.25546 1.35931 -0.0424996 -0.630055 1.66562 -0.250321 1.40853 1.42071 -0.360132 1.34796 1.461 1.28201 1.38001 -0.012342 1.38469 -0.197309 -0.604284 -0.0974578 -0.675582 1.26192 -0.34477 -0.405897 -0.166785 1.39707 -0.746575 -0.236843 1.40798 1.38831 -0.356803 0.062255 -0.271524 -0.523389 -0.314674 0.0854571 0.365773 1.3554 -0.266859 -0.117243 -0.67636 -0.264708 -0.227978 -0.17028 -0.155387 0.143051 -0.212613 1.13084 0.0533008 -0.551152 -0.559394 1.5625 0.169447 
-0.123159 1.54899 0.0762492 0.00208058 -0.414034 1.45116 -0.621331 -0.193611 0.115956 -0.0489369 -0.25327 -4.44057 1.50419 1.15193 1.34398 -0.303329 -0.192818 1.53192 -0.267451 1.43456 1.39543 -0.366108 1.2836 1.39867 1.40859 1.40645 -0.468533 1.50608 -0.266458 -0.460386 -0.327011 -0.518417 1.35309 -0.15479 -0.0664804 -0.141437 1.31394 -0.381527 -0.133037 1.45883 1.3695 -0.0872071 -0.273712 -0.352445 -0.269441 -0.158246 0.260679 -0.446708 1.28248 -0.393548 0.0483188 -0.216638 -0.1374 -0.25029 -0.196374 -0.720687 0.0482248 -0.131765 1.12957 0.00924755 -0.253371 -0.551374 1.38032 -0.257226 
-2.5246 16.913 -2.74376 -2.50745 -2.97683 15.6601 -2.32012 -2.47059 -1.72881 -1.94843 -2.16205 -26.9695 15.3267 15.8514 15.9546 -2.36326 -2.39464 15.551 0.358829 16.2043 16.176 -2.30292 15.4875 16.877 15.426 15.5641 -2.25335 14.6706 -2.49166 -2.27679 -2.33314 -2.61419 14.8128 -2.60156 -2.23429 -0.899225 16.0649 -2.50857 -1.6453 16.3855 16.9603 -2.02019 -2.56084 -2.61538 -2.27851 -2.54688 -1.93164 -2.59025 16.5806 -2.45858 -0.219403 -3.00601 -2.38608 -0.729419 -2.38275 -2.69442 -0.219662 -2.20523 16.5253 -0.823278 -2.0376 -2.59999 16.0342 -2.82388 
-24.7893 
-1.0367 
-26.3557 
-26.3785 
15.1927 
-1.07431 
-23.7458 
-21.1499 
-26.917 
-21.5899 
-25.6665 
-4.34565 
-0.963429 
-1.00663 
-0.984942 
-25.591 
-22.1628 
-0.961834 
21.8434 
-0.936414 
-1.00283 
-23.8277 
-1.13083 
-0.959908 
-0.876011 
-0.920198 
-25.0137 
-0.892919 
-24.2186 
-23.8432 
-21.6493 
-24.7214 
-0.849927 
-23.2093 
-24.4276 
-18.3198 
-1.03864 
-23.1291 
-26.919 
-1.01114 
-0.993102 
-16.9176 
-25.8265 
-24.0167 
-24.6473 
-24.4796 
-24.9248 
-22.4764 
-1.08491 
-23.6983 
-24.2924 
-23.4055 
-24.7636 
-19.7299 
-26.877 
-24.0925 
-25.0975 
-22.0534 
-0.934067 
-18.5124 
24.1548 
-25.5143 
-1.03011 
-25.1667 
25.9012 

# Training State Metadata
FILENAME tetris_model_best_20251205_192515_score16216.txt
EPSILON 0.0665494
EPSILON_MIN 0.02
EPSILON_DECAY 0.992
LEARNING_RATE 0.002
GAMMA 0.99
TRAINING_EPISODES 88269
TOTAL_GAMES 3417
BEST_SCORE 16216
AVERAGE_SCORE 2531.42
PREVIOUS_AVG_SCORE 2531.42
