# Neural Network Model File
# Saved: 2025-12-05 19:27:52
# Filename: tetris_model_best_20251205_192752_score45156.txt
#
-0.185321 -2.93281 -0.116486 0.0755037 -0.632693 -2.5463 0.398254 -0.537639 -0.179611 0.0150904 0.27513 -17.9727 -2.46427 -2.68046 -2.81023 -0.113294 0.0421779 -2.9521 -0.624704 -2.58718 -2.8899 0.0497025 -2.66236 -3.12976 -2.67982 -2.99047 0.58032 -2.71141 -0.0721518 -0.417916 -0.105854 -0.0129577 -2.64952 0.0529588 -0.238725 -0.315048 -2.89586 -0.511185 0.0599635 -2.92704 -2.71392 -0.224723 -0.336874 0.494827 0.105934 0.123162 -0.278943 -0.192277 -2.92438 0.361088 1.41828 -0.0702235 0.177284 0.281074 -0.110084 0.0797547 1.04221 0.128328 -3.03084 0.319231 -1.21495 -0.150701 -3.07857 -0.0198122 
0.28874 -2.98618 -0.0378454 -0.121881 -0.985233 -3.29351 0.0903078 -0.417622 0.060663 0.197157 -0.22948 -18.1388 -3.14911 -3.44999 -3.34991 0.106813 0.209138 -3.18128 -0.697313 -3.18109 -3.04199 -0.222701 -3.16734 -3.29418 -3.11158 -2.92909 -0.541511 -2.9813 -0.284831 0.159859 0.245084 0.00698291 -3.18677 -0.120882 -0.4607 1.22913 -3.00051 -0.179052 0.0848138 -2.87779 -3.22274 -0.202232 -0.380807 -0.378297 -0.0357096 -0.0653781 0.139865 -0.019005 -3.25662 0.221901 1.11463 -0.781294 -0.124477 0.976514 0.250352 0.103557 1.46015 0.296635 -3.07784 0.542589 -1.40935 0.138892 -3.33731 -0.0656525 
-0.00736474 -3.76419 -0.303076 0.365102 -1.33234 -3.05893 -0.180787 -0.229256 -0.0163479 -0.0419291 -0.0657739 -18.0711 -2.90382 -2.96187 -3.01949 -0.000728956 -0.348134 -3.09465 -0.588417 -3.46709 -2.92787 0.182503 -3.34182 -3.29017 -3.34372 -2.7293 0.190816 -3.14003 -0.161998 0.267586 -0.423832 0.103189 -2.86246 0.209908 0.373356 1.24185 -3.07363 -0.0584618 0.253079 -3.47998 -3.38984 -0.112 0.278636 1.2826 -0.172162 -0.306903 0.0998947 0.544626 -3.06018 -0.0913593 1.50966 -0.120169 -0.0618046 0.98476 0.0679449 0.291416 1.21668 0.0821375 -3.21686 0.574315 -1.38555 0.170676 -3.21904 0.0987562 
0.13802 -1.98165 0.848681 -0.167224 -1.28702 -2.07511 -0.201577 -0.285666 0.349385 0.0732106 -0.363143 -14.4065 -2.02717 -2.16851 -1.94284 -0.0146295 0.088807 -2.21273 -0.811871 -2.08073 -2.13474 0.096323 -1.72909 -2.34102 -2.05833 -2.10744 -0.0762603 -2.0053 0.0229442 -0.0881993 0.074893 -0.225169 -2.23245 -0.0340127 0.124356 1.49998 -2.13382 0.159823 -0.126107 -1.98968 -2.22743 -0.00843626 0.034766 -0.29456 0.0770784 -0.0147946 -0.308002 0.246372 -1.94068 -0.642657 0.71572 -0.274595 -0.285087 0.21434 0.182075 -1.21629 0.155974 -0.308976 -2.29099 0.187528 -0.986412 0.0275046 -1.8145 -0.447654 
-0.141447 -2.67131 0.205223 0.355065 -0.728461 -2.23577 0.113357 -0.0450213 -0.257871 -0.5658 0.262278 -13.5702 -2.61918 -2.45349 -2.33432 0.00283128 -0.350864 -2.58507 -0.191607 -2.6165 -2.67648 -0.217598 -2.49987 -2.61615 -2.49216 -2.52318 0.113035 -2.35263 -0.271898 0.305221 -0.0696672 0.2136 -2.55577 -0.420013 0.1724 1.42426 -2.52651 0.288369 -0.0463403 -2.53892 -2.65368 -0.0138188 0.833837 -0.50599 -0.0102197 -0.00371426 -0.427386 0.281174 -2.64361 0.267621 0.945638 -0.306013 0.288515 0.284217 0.0792135 -0.2481 0.750729 0.0612937 -2.62875 0.644837 -0.710803 -0.360389 -2.58687 0.62612 
-0.235267 -3.37415 0.259195 -0.182942 -0.992691 -2.95617 -0.137709 0.0389461 -0.00422926 0.257223 0.124859 -14.4793 -3.09046 -3.46552 -3.51679 -0.0404287 -0.162104 -3.36426 -1.2166 -3.02338 -3.48866 -0.144641 -3.06092 -3.38861 -3.35204 -3.24021 -0.0722846 -3.19868 -0.29676 -0.0146535 -0.387306 0.163235 -3.21779 -0.365004 -0.230999 1.87641 -3.34367 -0.188166 -0.195753 -3.39655 -3.17473 0.176714 1.13214 -0.379666 0.00764497 0.462868 -0.198171 -0.144993 -3.42113 -0.519989 1.48312 0.0603483 -0.134793 1.08108 0.103692 -0.0900902 0.238647 -0.188801 -3.26217 0.469085 -0.929644 -0.114182 -3.49558 -0.454342 
-0.139165 -2.9028 -0.387743 -0.0894361 -0.842422 -3.18258 -0.223851 0.0139344 -0.0674736 -0.0704976 -0.223051 -13.5403 -2.86627 -2.98665 -2.64764 0.0838596 0.0275739 -2.76807 -0.393492 -3.28658 -3.00545 -0.140529 -2.65652 -3.04844 -2.93214 -2.78616 -0.317465 -2.67288 0.161258 -0.0130854 -0.212537 0.504672 -2.90352 -0.214346 -0.196398 1.74607 -2.75406 0.43929 0.010154 -2.90009 -3.23224 -0.585295 0.145447 -0.667342 0.458552 0.0908522 -0.374026 0.00775628 -2.914 -0.0500567 1.34109 0.338268 0.174848 -0.230067 -0.0644733 0.867188 0.225544 -0.058834 -2.95953 0.223191 -0.65491 -0.258638 -2.85725 0.558633 
0.458506 -2.57734 0.128543 -0.226734 -0.828783 -2.30343 0.27369 0.0493377 0.128732 0.056819 0.281928 -13.7382 -2.46241 -2.33851 -2.41791 0.380904 0.278571 -2.43447 -0.597078 -2.24939 -2.20337 0.192446 -1.99661 -2.534 -2.35041 -2.72304 0.142546 -2.3896 0.0403714 -0.168863 -0.114035 -0.146871 -2.36701 0.191035 0.503652 1.68388 -2.45797 -0.447356 -0.205833 -2.5314 -2.30623 -0.145274 -0.640484 0.315859 -0.168212 -0.159806 -0.105009 -0.41423 -2.371 0.113035 1.2627 0.0917042 0.060433 1.3664 -0.000113242 0.00361578 0.855803 -0.0665684 -2.4783 1.46893 -0.814933 0.138854 -2.14534 0.0501763 
-0.122362 -1.34337 -0.194488 0.0713588 -1.03985 -0.830438 -0.0363386 0.458385 -0.568837 -0.385025 -0.0381729 -14.1503 -0.749387 -0.921917 -1.06653 -0.228209 0.287796 -1.18245 -0.571525 -1.25705 -1.36268 0.46381 -1.10028 -1.19895 -0.953478 -1.02912 -0.122931 -0.863703 0.48201 0.231605 -0.092226 -0.407745 -0.93163 0.319651 0.00413711 0.139137 -0.928509 0.240808 -0.469929 -1.35482 -1.23094 -0.531437 -0.431045 0.156971 -0.50265 0.0649029 0.0657663 -0.62353 -1.23852 0.0347561 0.631027 0.805311 -0.123783 0.921345 -0.446043 -0.0427187 0.921844 -0.295335 -1.14297 0.0556127 -1.10791 0.461001 -1.27987 0.362271 
0.281639 -1.44912 -0.0496685 0.28214 -0.147691 -1.30646 -0.791207 0.0234761 0.165817 -0.596915 0.366841 -12.7242 -1.30637 -1.51348 -1.24006 -0.188106 -0.573318 -1.43867 -1.00624 -1.37545 -1.30599 -0.289342 -0.940358 -1.53526 -1.36957 -1.45044 -0.113986 -1.28509 -0.219183 -0.006135 0.0341014 -0.0724856 -1.35804 0.304811 -0.25355 -0.605327 -1.44028 0.400068 0.0946097 -1.22304 -1.61135 -0.331793 -0.549474 -0.250022 0.100075 -0.398874 0.0876847 -0.418369 -1.2196 -0.407574 0.451647 0.589409 -0.240538 -0.560436 0.38448 0.0462565 -0.011775 -0.348817 -1.44744 -0.561272 -0.448886 0.0146611 -1.2721 -0.231756 
-0.406406 -0.0720316 -0.201895 -0.379833 -1.6667 -0.239154 0.133951 0.117565 0.273719 -0.29109 -0.536547 -19.8387 -0.565613 0.156356 -0.359049 -0.167108 -0.354857 -0.294661 -1.02183 -0.769964 -0.282062 -0.0763612 -0.259938 -0.352161 -0.662301 -0.552764 -0.142205 -0.590955 0.314025 -0.44085 0.136228 -0.00694549 -0.591827 -0.483309 -0.00402891 0.920521 -0.422335 -0.223887 0.0737998 -0.260541 -0.471843 -0.1811 -0.513609 -0.177835 -0.0566485 -0.198358 0.314964 -0.235786 -0.319085 0.236469 1.86907 -0.636653 0.105857 0.92912 -0.413369 -0.191722 1.09833 -0.0372562 -0.430615 0.911493 -1.018 -0.132962 0.00927621 -0.209428 
1.85762 6.80043 1.57464 1.70542 -1.77571 6.65641 1.70815 1.85968 2.10659 1.91754 2.15554 -3.67839 7.29705 7.20312 7.07403 1.8173 1.6222 7.2279 -1.74045 6.85605 7.33023 1.53814 6.35719 7.06201 6.90941 7.00054 1.70887 6.86804 1.39231 1.83488 1.94853 1.55616 7.39501 1.66438 1.40212 7.82993 7.14038 1.44631 1.52647 6.92735 6.84785 2.24808 1.92195 1.42377 1.41177 1.81593 1.50103 2.1626 6.85852 1.72763 8.16709 1.35537 1.36576 8.15265 1.85097 1.33476 8.13024 0.951421 6.82042 7.98264 -1.45885 1.64448 7.08646 1.33814 
0.421658 1.71058 0.017053 0.0142064 -0.10457 2.00484 -0.181996 0.527686 0.554443 0.944525 0.211419 -1.70517 2.00364 2.15444 1.17988 0.603842 0.890675 1.5584 -0.345221 2.06329 2.11609 0.318298 2.28736 1.37818 1.8379 1.94787 0.471843 1.83714 0.694802 0.0363278 0.322869 0.348501 1.97529 0.330299 0.337397 0.980323 1.61447 0.263165 1.01045 2.27194 1.56413 0.387738 0.313536 0.262733 0.193655 0.123042 0.567223 0.0933564 2.21993 0.456738 2.10364 0.0866086 0.363812 1.47366 0.522588 0.0553591 1.54379 0.45122 1.93495 1.68695 -0.52644 -0.0604816 2.33735 0.292902 
-0.125579 3.55945 -0.678514 -0.247695 -0.29582 3.34684 -0.353981 -0.154402 -0.332742 -0.723425 -0.343309 -2.05047 3.21195 3.42232 3.19805 -0.341332 -0.69249 3.30798 0.38014 3.39676 3.32501 -0.320286 3.36433 3.645 3.13132 3.27183 -0.432752 3.11708 -0.490872 -0.531757 -0.265799 -0.316909 3.17348 -0.2226 -0.758553 -0.399901 3.45861 -0.164768 -0.611004 3.47459 3.53541 -0.677019 -0.706149 -0.404844 -0.326475 -0.541798 -0.324513 -0.627333 3.60955 -0.566552 0.0229625 -0.671688 -0.37957 -0.317152 -0.270036 -0.335674 -0.397674 -0.436614 3.42545 -0.300484 -0.517576 -0.499033 3.47206 -0.605955 
-0.381269 0.598157 0.166103 0.0594265 -0.68852 0.62948 -0.0340487 -0.141559 0.009441 -0.422644 -0.36689 -5.31607 0.585372 0.696004 0.635888 -0.103924 0.0726428 0.658721 -0.066726 0.651223 0.583474 -0.883548 0.599351 0.78553 0.52929 0.612717 -0.0406297 0.646171 0.0291156 -0.340999 -0.147843 -0.335506 0.599588 -0.0256598 -0.193039 -0.300466 0.761477 -0.340592 -0.211924 0.61666 0.658466 -0.0972458 0.187909 -0.770047 -0.0585362 0.123585 0.140403 -0.288311 0.843992 -0.119831 -0.376364 0.273134 -0.120338 -0.335507 -0.18554 0.0487602 0.263209 -0.247413 0.725643 -0.157148 -0.0327003 -0.101685 0.770027 -0.410313 
-0.162622 2.8869 -0.49499 -0.522551 -0.641222 2.7282 -0.322465 -0.180095 -0.21184 -0.432885 -0.313086 -3.29779 2.69836 2.89534 2.66676 -0.374217 -0.367779 2.83777 0.0120712 2.85242 2.83437 -0.206948 2.64834 3.0126 2.77832 2.85025 -0.727337 2.74255 -0.606884 -0.192213 -0.205537 -0.408583 2.92322 -0.766111 -0.601605 -0.286616 2.83074 -0.522517 -0.38101 2.86074 2.95068 -0.386746 -0.338409 -0.0199301 -0.290311 -0.641347 -0.0330419 -0.793805 2.89884 -0.796146 -0.362793 0.036711 -0.384333 -0.347099 -0.250535 -0.103824 -0.0225157 -0.641913 2.88895 -0.188946 -0.707124 -0.805615 2.81068 -0.415184 
-0.411189 3.25859 -0.819922 -0.175775 -0.347098 2.927 -0.249658 -0.741532 -0.357279 -0.543504 -0.376069 -4.75294 2.74013 3.07371 2.87395 -0.650405 -0.128712 2.96029 0.147963 3.10034 3.00461 -0.161508 2.85142 3.36589 2.77345 2.87199 -0.316155 2.75348 -0.38761 -0.010607 -0.542138 -0.351727 2.75413 -0.25119 -0.381197 -0.2294 3.09347 -0.247947 -0.170461 3.15641 3.24883 0.0124853 -0.428716 -1.09972 -0.581845 -0.162674 -0.256305 -0.440824 3.2653 -0.220793 -0.180819 0.0109238 -0.377567 -0.155221 -0.375184 -0.387856 -0.239976 -0.952177 3.09359 -0.242809 -0.394621 -0.243328 3.1247 -0.614185 
-0.138198 1.22785 -0.234826 -0.373413 -0.363566 0.933867 -0.229339 -0.393726 -0.102141 -0.222865 -0.107098 -4.34466 0.73093 1.0518 0.753871 -0.263573 -0.0247786 0.846042 -0.315133 0.98752 0.974236 -0.0119259 0.774434 1.21459 0.727563 0.829898 -0.19655 0.630991 -0.108 -0.446902 0.028719 -0.204507 0.823691 0.483512 -0.37509 -0.379552 0.993933 -0.354705 0.123223 1.04148 1.15346 -0.0790407 -0.333085 -0.178994 -0.314327 0.0494594 -0.0922687 -0.645714 1.12651 -0.433884 -0.378205 -0.268095 -0.440719 -0.0323392 -0.162786 -0.272643 0.402753 -0.171959 0.931917 -0.268396 -0.221223 -0.182868 0.990377 -0.714526 
-0.469195 3.65094 -0.368525 -0.461742 -0.27047 3.27741 -0.676415 -0.445666 -0.328514 -0.749563 -0.485392 -3.97026 3.24556 3.46146 3.24164 -0.416216 -0.181641 3.40115 0.2402 3.44006 3.33461 -0.21391 3.27616 3.66456 3.21305 3.33924 -0.713941 3.17494 -0.35238 -0.222027 -0.550177 -0.179592 3.20597 -0.125416 -0.433309 -0.187537 3.46686 -0.408105 -0.459959 3.54208 3.58888 -0.29566 -0.531968 -0.471322 -0.58075 -0.455939 -0.219159 -0.410649 3.53858 -0.148539 0.0654087 0.1873 -0.488211 -0.211387 -0.838347 -0.708614 -0.35585 -0.413409 3.46475 -0.154801 0.0414972 -0.876529 3.49127 -0.26542 
-0.522446 2.19291 -0.221568 -0.579646 -0.469473 1.82145 -0.247184 -0.11088 -0.0334449 -0.351992 -0.581687 -4.34684 1.83299 1.96515 1.90973 -0.282149 -0.462439 1.98984 -0.165989 2.03085 1.90843 -0.353355 1.81279 2.23171 1.88625 2.0621 -0.571358 1.94632 -0.459941 -0.131203 -0.371086 -0.668717 2.03332 0.013376 -0.24654 -0.351047 2.03157 -0.392184 -0.235129 2.05052 2.22257 0.219269 -0.00931314 -0.746913 -0.14612 -0.0429311 0.104807 -0.286455 2.06466 -0.271135 -0.370599 -0.552425 -0.362026 -0.210872 -0.196954 -0.836694 0.192055 -0.270465 2.10653 -0.270398 -0.0781601 -0.528663 2.02618 -0.0328768 
-0.801889 3.29953 -0.927407 -0.763374 -0.261363 3.10036 -0.293839 -0.549654 -0.167406 -0.410816 -0.535288 -4.02977 3.2277 2.90078 3.06385 -0.180809 -0.977947 3.25408 0.0170521 3.07971 3.06772 -0.389231 3.07185 3.15013 3.01719 3.15462 -0.169964 3.12453 -0.456465 -0.484858 -0.544904 -0.771037 2.94594 -0.174178 -0.390281 -0.350217 3.09513 -0.378758 -0.211011 3.14952 3.14582 -0.403895 -1.2354 0.00831816 -0.249685 -0.258122 -0.0132499 -0.54211 3.06045 -0.413756 0.0424429 0.17534 -0.3886 -0.409587 -0.216712 -0.334451 -0.335672 -0.223331 2.8407 -0.0210245 -0.6948 0.134055 3.22869 -0.623314 
-0.297821 4.53771 -0.4523 -0.579806 -0.114545 4.12746 -0.565822 -0.46859 -0.327037 -0.741898 -0.445431 -3.10501 4.22067 3.9659 4.02547 -0.554717 -0.547154 4.41716 0.348538 4.15406 4.20969 -0.454157 3.99866 4.36032 4.05552 4.24207 -0.213479 4.08542 -0.675164 -0.518646 -0.387271 -0.403151 3.96394 -0.484796 -0.602536 -0.117752 4.21712 -0.519207 -0.419251 4.3441 4.26703 -0.622664 -0.577762 -1.27023 -0.466459 -0.200276 -0.142561 -0.0370597 4.0553 -0.611042 0.03887 -0.926428 -0.383267 -0.259721 -0.2949 -0.429661 -0.422047 -0.582401 4.00614 -0.106138 0.0481786 -0.698896 4.27507 -0.470069 
-0.185615 1.58619 -0.413127 0.0812428 -0.265376 1.2393 -0.107294 -0.187947 -0.0474047 0.222883 -0.274197 -4.61923 1.29152 1.04296 1.18636 -0.625262 -0.0784598 1.37885 -0.0837103 1.26515 1.22874 -0.333093 1.22494 1.32558 1.08303 1.27357 -0.422841 1.17975 -0.219519 -0.289874 -0.105675 -0.221035 0.976736 -0.789771 -0.139459 -0.322333 1.2795 -0.0228891 -0.094863 1.38659 1.38242 -0.266035 0.112707 -1.00958 -0.109453 -0.180618 0.147731 -0.289093 1.20882 -0.443999 -0.0504977 -0.517078 0.0904435 -0.247814 -0.0819586 0.0194256 -0.10278 0.0321458 0.933092 -0.199692 0.133639 0.146341 1.38594 -0.169994 
-0.164258 2.77892 -0.840605 -0.681545 0.123586 2.48857 -0.292491 -0.33001 -0.0801808 -0.47613 -0.472193 -4.37176 2.47464 2.3165 2.34554 -0.132508 -0.48427 2.63015 -0.0877265 2.5095 2.52152 -0.477507 2.35647 2.65215 2.34203 2.46021 -0.548381 2.34903 -0.147227 -0.484688 -0.718949 -0.493171 2.2639 -0.024321 -0.275197 -0.110257 2.5054 -0.537355 -0.242859 2.57087 2.56699 -0.305023 -0.341606 0.112944 -0.242718 -0.0642415 -0.053235 -0.180386 2.45792 -1.01682 -0.106272 -0.316347 -0.0250764 -0.215779 -0.177103 -0.844383 -0.0843432 -0.187736 2.23615 -0.00836415 -0.0161819 -0.0791116 2.58858 -0.162477 
-0.610141 2.84033 -0.871806 -0.115723 -0.612314 2.63278 -0.333845 -0.402447 -0.196633 -0.415587 -0.474525 -4.48953 2.66017 2.41111 2.45989 -0.278719 -0.266826 2.71628 0.131284 2.59345 2.58716 -0.413804 2.50351 2.65612 2.47562 2.55657 -0.788775 2.56543 -0.435853 -0.390559 -0.298748 -0.363574 2.41077 -0.214332 -0.319734 -0.305928 2.58177 -0.159744 -0.44917 2.7034 2.61491 -0.49454 -0.528118 -0.475847 -0.289 -0.139682 -0.0979668 -0.655532 2.56551 -0.665205 0.0778212 -0.256243 -0.239006 -0.188053 -0.517181 -0.624293 -0.0516521 -0.212729 2.26773 -0.0605599 -0.997392 -0.377434 2.76197 -0.395025 
-0.296534 1.30303 -0.149054 -0.0546315 -0.328227 1.22974 -0.116941 -0.792738 0.0608898 -0.207355 -0.195903 -3.81632 1.32496 1.05209 1.15676 -0.0224862 -0.610479 1.44102 -0.26085 1.1671 1.22785 -0.340069 1.15546 1.24693 1.0527 1.15306 0.00766615 1.14838 -0.177276 -0.584185 -0.0781907 -0.655491 1.02983 -0.324707 -0.385856 -0.163213 1.20109 -0.726543 -0.216692 1.19841 1.16861 -0.338696 0.0823316 -0.251364 -0.503365 -0.294628 0.105293 0.385534 1.17254 -0.24672 -0.115419 -0.656248 -0.244718 -0.197547 -0.150115 -0.135226 0.0568412 -0.193124 0.905684 0.0425917 -0.571292 -0.539397 1.36158 0.189495 
-0.139044 1.65639 0.0602643 -0.0139075 -0.401947 1.58669 -0.636909 -0.208224 0.0999862 -0.0637832 -0.269246 -4.43246 1.62631 1.26392 1.44429 -0.319307 -0.207847 1.63512 -0.301713 1.52672 1.51477 -0.381777 1.41932 1.49592 1.47239 1.5068 -0.48451 1.60015 -0.282227 -0.476003 -0.341883 -0.534245 1.4339 -0.1702 -0.0822944 -0.139857 1.43096 -0.396867 -0.148994 1.5661 1.46934 -0.100334 -0.289699 -0.368017 -0.285308 -0.174068 0.244681 -0.461655 1.41899 -0.40907 -0.0291245 -0.232089 -0.153318 -0.250921 -0.212324 -0.736313 0.0422287 -0.146752 1.22197 0.122951 -0.237884 -0.567367 1.51278 -0.273165 
-2.57293 17.1067 -2.79076 -2.55452 -2.92034 15.905 -2.36895 -2.52122 -1.77577 -1.99899 -2.20976 -26.9231 15.555 16.081 16.1427 -2.41095 -2.4447 15.6941 0.523868 16.3186 16.4168 -2.35188 15.7198 17.0286 15.4935 15.686 -2.30152 14.7746 -2.5404 -2.32564 -2.38361 -2.66246 14.9137 -2.65063 -2.28289 -1.29867 16.3027 -2.55773 -1.69225 16.5741 17.134 -2.07398 -2.60828 -2.66398 -2.32703 -2.59541 -1.98018 -2.63959 16.8329 -2.50728 -0.406604 -3.05497 -2.43458 -1.17039 -2.42968 -2.74297 -0.422501 -2.25535 16.6595 -1.32814 -1.98854 -2.64772 16.272 -2.87189 
-26.5605 
-1.05354 
-26.8263 
-26.8276 
15.5428 
-1.14969 
-25.4801 
-22.508 
-26.8756 
-23.0863 
-26.826 
-4.60646 
-1.05316 
-1.09172 
-1.03507 
-26.8265 
-23.6859 
-1.02166 
18.9091 
-0.99073 
-1.08409 
-25.863 
-1.18224 
-0.999078 
-0.979556 
-0.985929 
-26.8306 
-0.987842 
-26.1995 
-25.6717 
-23.2181 
-26.2726 
-0.972364 
-24.9803 
-26.3383 
-13.093 
-1.11297 
-24.8096 
-26.857 
-1.05456 
-1.01891 
-18.0127 
-26.8242 
-25.4366 
-26.5695 
-26.325 
-26.8891 
-23.5088 
-1.15312 
-25.2838 
-22.7914 
-25.0666 
-26.8128 
-15.0155 
-26.8157 
-25.556 
-23.0588 
-23.6369 
-0.985065 
-14.0597 
24.7253 
-26.8259 
-1.10343 
-26.7615 
26.5082 

# Training State Metadata
FILENAME tetris_model_best_20251205_192752_score45156.txt
EPSILON 0.056333
EPSILON_MIN 0.05
EPSILON_DECAY 0.995
LEARNING_RATE 0.002
GAMMA 0.99
TRAINING_EPISODES 89736
TOTAL_GAMES 3435
BEST_SCORE 45156
AVERAGE_SCORE 3263.14
PREVIOUS_AVG_SCORE 3247.14
