10 10 10 10 10 10 1.1471 10 10 10 10 0.00527488 10 10 10 10 10 10 10 10 10 0.0352039 10 10 10 10 10 -0.066849 10 10 10 10 10 10 10 10 10 10 10 -0.105863 10 10 10 10 10 10 0.0359194 10 10 10 10 10 10 10 9.88182 -0.0320745 10 10 10 10 10 10 10 10 
10 10 10 10 10 10 1.36885 10 10 10 10 0.154203 10 10 10 10 10 10 10 10 10 -0.23659 10 10 10 10 10 -0.0828837 10 10 10 10 10 10 10 10 10 10 10 -0.103399 10 10 10 10 10 10 -0.171251 10 10 10 10 10 10 10 9.86558 -0.074151 10 10 10 10 10 10 10 10 
10 10 10 10 10 10 1.15108 10 10 10 10 -0.171376 10 10 10 10 10 10 10 10 10 -0.0264553 10 10 10 10 10 -0.0154673 10 10 10 10 10 10 10 10 10 10 10 0.00395711 10 10 10 10 10 10 -0.00442437 10 10 10 10 10 10 10 9.87445 -0.0366789 10 10 10 10 10 10 10 10 
10 10 10 10 10 10 1.13503 10 10 10 10 -0.00693619 10 10 10 10 10 10 10 10 10 -0.095363 10 10 10 10 10 -0.162664 10 10 10 10 10 10 10 10 10 10 10 -0.142686 10 10 10 10 10 10 -0.0327431 10 10 10 10 10 10 10 9.87445 -0.0421663 10 10 10 10 10 10 10 10 
10 10 10 10 10 10 1.00827 10 10 10 10 -0.0997832 10 10 10 10 10 10 10 10 10 -0.359577 10 10 10 10 10 0.0677909 10 10 10 10 10 10 10 10 10 10 10 -0.262894 10 10 10 10 10 10 -0.0261511 10 10 10 10 10 10 10 9.85285 -0.020429 10 10 10 10 10 10 10 10 
10 10 10 10 10 10 1.0774 10 10 10 10 -0.0978603 10 10 10 10 10 10 10 10 10 -0.0960906 10 10 10 10 10 -0.0454284 10 10 10 10 10 10 10 10 10 10 10 -0.0575438 10 10 10 10 10 10 -0.0867935 10 10 10 10 10 10 10 9.88532 -0.201236 10 10 10 10 10 10 10 10 
10 10 10 10 10 10 1.11658 10 10 10 10 -0.130904 10 10 10 10 10 10 10 10 10 -0.10837 10 10 10 10 10 -0.151417 10 10 10 10 10 10 10 10 10 10 10 0.00535463 10 10 10 10 10 10 0.0245625 10 10 10 10 10 10 10 9.83661 -0.169162 10 10 10 10 10 10 10 10 
10 10 10 10 10 10 1.00399 10 10 10 10 -0.0182754 10 10 10 10 10 10 10 10 10 -0.0918847 10 10 10 10 10 -0.00677044 10 10 10 10 10 10 10 10 10 10 10 0.113994 10 10 10 10 10 10 -0.0971594 10 10 10 10 10 10 10 9.815 -0.20717 10 10 10 10 10 10 10 10 
10 10 10 10 10 10 1.0742 10 10 10 10 -0.0355759 10 10 10 10 10 10 10 10 10 0.0318616 10 10 10 10 10 0.0759801 10 10 10 10 10 10 10 10 10 10 10 -0.17772 10 10 10 10 10 10 0.0546751 10 10 10 10 10 10 10 9.84506 -0.0472981 10 10 10 10 10 10 10 10 
10 10 10 10 10 10 0.828552 10 10 10 10 0.0160409 10 10 10 10 10 10 10 10 10 0.294645 10 10 10 10 10 -0.0296125 10 10 10 10 10 10 10 10 10 10 10 0.105661 10 10 10 10 10 10 -0.203214 10 10 10 10 10 10 10 8.77728 0.068469 10 10 10 10 10 10 10 10 
10 10 10 10 10 10 0.719045 10 10 10 10 0.0756448 10 10 10 10 10 10 10 10 10 0.0143039 10 10 10 10 10 0.0361838 10 10 10 10 10 10 10 10 10 10 10 -0.096157 10 10 10 10 10 10 -0.109574 10 10 10 10 10 10 10 9.63902 -0.121778 10 10 10 10 10 10 10 10 
10 10 10 10 9.99405 9.99728 0.668608 10 10 9.99393 10 -0.0412534 10 10 10 10 10 10 10 9.99651 9.99752 -0.119794 9.99407 10 10 10 10 0.240141 9.99104 10 9.99381 10 9.9915 10 10 10 9.99926 10 9.99798 -0.0729241 10 10 10 9.99398 10 9.99379 -0.211687 10 9.99408 10 9.99943 9.99786 10 10 9.81085 0.168966 10 9.99652 9.99516 10 9.99379 9.99416 9.99766 9.99917 
10 10 10 10 10 10 1.17028 10 10 10 10 -0.119827 10 10 10 10 10 10 10 10 10 -0.0224543 10 10 10 10 10 -0.0992729 10 10 10 10 10 10 10 10 10 10 10 0.186648 10 10 10 10 10 10 -0.0895077 10 10 10 10 10 10 10 9.85821 0.0442435 10 10 10 10 10 10 10 10 
10 10 10 10 9.79594 9.85371 0.482418 10 10 9.79358 9.87179 0.0348493 9.99649 10 10 10 10 10 10 9.84018 9.85788 -0.109397 9.79629 9.91409 10 9.94833 10 -0.122916 9.7405 10 9.7916 10 9.74896 10 10 10 9.88835 10 9.86584 0.0362715 10 10 10 9.79469 10 9.79112 0.0552924 10 9.79639 10 9.89143 9.86375 10 10 4.41414 -0.0310466 10 9.84045 9.81473 10 9.79113 9.79791 9.86035 9.88685 
9.70889 9.70569 9.70832 9.71314 9.68384 9.69439 -0.442072 9.70954 9.70825 9.6834 8.89576 -0.00286784 9.74911 9.7196 9.70806 9.71092 9.70807 9.70808 9.70839 9.69187 9.69515 -0.329315 9.6839 9.70718 9.70825 9.72556 9.70815 -0.0212455 9.67383 9.70806 9.68306 9.70836 9.67535 9.71638 9.7201 9.70831 9.70076 9.70824 9.69663 -0.163198 9.70198 9.71755 9.70953 9.68362 9.71147 9.68296 -0.0238153 9.70836 9.68393 9.67191 9.70132 9.69624 9.70814 9.70806 3.94149 0.102316 9.70828 9.69191 9.69423 9.71191 9.68297 9.6842 9.69561 9.70049 
9.88858 9.88582 9.88809 9.89226 9.90178 9.9195 0.0897153 9.88914 9.88803 9.90105 7.52207 -0.0220207 9.95814 9.89798 9.88786 9.89034 9.88787 9.88788 9.88815 9.91525 9.92081 0.154473 9.90188 9.94175 9.88802 9.95803 9.88794 -0.163966 9.88515 9.88787 9.90047 9.88813 9.88768 9.8951 9.89842 9.88808 9.93042 9.88802 9.92333 -0.042461 9.88273 9.89615 9.88913 9.9014 9.89082 9.90032 0.035607 9.88813 9.90192 9.86958 9.9314 9.92266 9.88794 9.88786 1.31338 -0.0639286 9.88806 9.91533 9.90878 9.8912 9.90032 9.90238 9.92159 9.92996 
10 10 10 10 10 10 1.00356 10 10 10 -2.99739 -0.0409624 10 10 10 10 10 10 10 10 10 0.0707795 10 10 10 10 10 0.0531512 10 10 10 10 10 10 10 10 10 10 10 -0.0572072 10 10 10 10 10 10 -0.0192349 10 10 10 10 10 10 10 2.35446 0.0759648 10 10 10 10 10 10 10 10 
9.65518 9.64067 9.65331 9.65873 9.66619 9.67511 0.54151 9.65572 9.6529 9.66583 8.01311 0.00923766 9.72732 9.66425 9.65199 9.65688 9.65206 9.65209 9.65361 9.67297 9.67577 -0.146924 9.66625 9.68629 9.6529 9.70329 9.65243 0.0710529 9.65782 9.65202 9.66553 9.65347 9.6591 9.66147 9.66468 9.65321 9.6806 9.65289 9.67703 -0.00169103 9.62345 9.66249 9.65571 9.666 9.65734 9.66546 0.10652 9.65347 9.66626 9.54829 9.68109 9.6767 9.65242 9.652 5.28197 0.220989 9.6531 9.67301 9.66929 9.65771 9.66546 9.66649 9.67616 9.68037 
10 10 10 10 10 10 -0.302498 10 10 10 9.86306 -0.0469118 10 10 10 10 10 10 10 10 10 0.0343809 10 10 10 10 10 0.107194 9.99367 10 10 10 9.99901 10 10 10 10 10 10 0.016028 10 10 10 10 10 10 -0.157091 10 10 10 10 10 10 10 1.90671 0.0677249 10 10 10 10 10 10 10 10 
9.91659 9.91659 9.9166 9.91661 9.56691 9.60506 0.80023 9.9166 9.91659 9.56538 -7.28176 -0.0166774 9.77018 9.91398 9.91659 9.9166 9.91659 9.91659 9.91659 9.59596 9.60783 0.0669966 9.56715 9.64764 9.91659 9.69905 9.91659 0.0909131 9.53078 9.91659 9.56406 9.91659 9.5363 9.9166 9.9135 9.91659 9.62796 9.9166 9.61309 -0.0724467 9.91659 9.91594 9.9166 9.56608 9.9166 9.56377 0.0292696 9.91659 9.5672 9.91648 9.62997 9.61172 9.91659 9.91659 1.88515 0.0748927 9.91659 9.59615 9.59224 9.9166 9.56378 9.5682 9.60947 9.62696 
9.90072 9.88902 9.89866 9.91625 9.93388 9.94305 0.62899 9.90308 9.89835 9.9335 8.75138 -0.110377 9.99749 9.94042 9.89766 9.90813 9.89771 9.89773 9.89889 9.94085 9.94372 0.0850204 9.93393 9.95475 9.89835 9.97277 9.89799 0.0116215 9.9251 9.89768 9.9332 9.89879 9.92644 9.92828 9.9423 9.89858 9.94872 9.89835 9.94503 -0.139722 9.87587 9.93269 9.90306 9.93369 9.91014 9.93312 0.0107004 9.89878 9.93396 9.81943 9.94924 9.94468 9.89799 9.89766 4.8439 -0.0888524 9.8985 9.94089 9.93769 9.91176 9.93312 9.9342 9.94413 9.94848 
10 10 10 10 9.89563 9.92275 0.410971 10 10 9.89454 7.85092 -0.115594 10 10 10 10 10 10 10 9.91623 9.92477 -0.161442 9.89579 9.95622 10 10 10 -0.177797 9.87008 10 9.89361 10 9.87398 10 10 10 9.93938 10 9.9286 0.0642971 10 10 10 9.89504 10 9.8934 -0.0312586 10 9.89583 10 9.94084 9.9276 10 10 3.79787 -0.0817708 10 9.91637 9.90573 10 9.8934 9.89654 9.92596 9.93867 
9.92097 9.92374 9.92146 9.91728 9.55246 9.59003 0.0209744 9.9204 9.92153 9.55092 9.82971 0.0244587 9.79934 9.91155 9.92169 9.91921 9.92168 9.92168 9.9214 9.58126 9.59273 -0.0981601 9.55269 9.63556 9.92153 9.70496 9.92161 0.0398624 9.51652 9.92169 9.54966 9.92143 9.522 9.91443 9.9111 9.92147 9.61248 9.92153 9.59791 0.0011643 9.92686 9.91339 9.92041 9.55166 9.91873 9.54933 -0.00919122 9.92143 9.55276 9.92835 9.61447 9.59655 9.92162 9.92169 2.84081 -0.00726441 9.92149 9.58142 9.56706 9.91835 9.54934 9.55375 9.59434 9.61152 
9.87795 9.86634 9.8759 9.88307 10 10 -0.543103 9.87991 9.87559 10 8.63571 -0.00585318 9.98298 9.88885 9.87491 9.88112 9.87496 9.87498 9.87613 10 10 -0.0420069 10 10 9.87559 10 9.87524 -0.0226885 10 9.87493 10 9.87603 10 9.88595 9.8893 9.87583 10 9.87559 10 -0.057637 9.8533 9.887 9.8799 10 9.88161 10 -0.0122907 9.87602 10 9.79738 10 10 9.87523 9.87491 1.18531 -0.0571573 9.87574 10 10 9.88199 10 10 10 10 
9.81224 9.8067 9.81126 9.81949 10 10 0.153688 9.81333 9.81112 10 2.96388 0.0996654 9.97675 9.83078 9.81079 9.8157 9.81081 9.81083 9.81138 10 10 -0.137928 10 10 9.81112 9.99995 9.81094 -0.0162317 10 9.8108 10 9.81133 10 9.8251 9.83166 9.81123 10 9.8111 10 0.0740384 9.80048 9.82717 9.81332 10 9.81664 10 -0.0662306 9.81132 10 9.77398 10 10 9.81094 9.8108 8.6637 -0.0580557 9.81119 10 10 9.8174 10 10 10 10 
10 10 10 10 9.91022 10 0.451158 10 10 9.90556 9.49944 0.0473678 10 10 10 10 10 10 10 9.99712 10 0.0143967 9.9109 10 10 10 10 0.0265418 9.80117 10 9.90171 10 9.81782 10 10 10 10 10 10 0.0286461 10 10 10 9.90777 10 9.90074 0.066334 10 9.91111 10 10 10 10 10 -1.20796 0.0623821 10 9.99766 9.97024 10 9.90077 9.91409 10 10 
9.88858 9.88582 9.88809 9.89226 9.68126 9.71716 1.44395 9.88914 9.88803 9.6798 -7.6871 -0.163722 9.92614 9.89798 9.88786 9.89034 9.88787 9.88788 9.88815 9.70855 9.71982 -0.11181 9.68148 9.76209 9.88802 9.83058 9.88794 0.0354094 9.64742 9.88787 9.67861 9.88813 9.65259 9.8951 9.89842 9.88808 9.73926 9.88802 9.72491 0.00272973 9.88273 9.89615 9.88913 9.68049 9.89082 9.6783 -0.0179663 9.88813 9.68154 9.86958 9.74124 9.72357 9.88794 9.88786 1.66402 0.0587863 9.88806 9.70871 9.69412 9.8912 9.67831 9.68248 9.7214 9.73831 
0.130669 0.255138 0.371995 0.360775 0.22503 0.218211 -0.0487627 0.376183 0.127225 0.419411 0.0056834 -0.0528105 0.257171 0.232781 0.109251 0.286665 0.270895 0.170548 0.135188 0.109777 0.357565 -0.0103253 0.311067 0.328081 0.124599 0.155419 0.249061 0.0587515 0.118341 0.0636896 -0.0129716 0.154927 0.209193 0.603351 0.284695 0.0881726 0.22448 0.395129 0.132932 -0.0243228 0.146842 0.309306 0.269525 0.0225387 0.202144 0.286793 -0.0349257 0.158585 0.0602867 -0.121589 0.0354606 0.30078 0.232954 0.0875911 -0.075017 0.0542251 0.20882 0.210433 -0.0328673 0.158886 0.272294 0.132139 0.312792 0.0260989 
10 10 10 10 9.99391 9.99525 0.170535 10 10 9.99386 5.48392 0.0535554 10 10 10 10 10 10 10 9.99493 9.99535 0.0444695 9.99392 9.99689 10 9.99939 10 -0.0952671 9.99266 10 9.99381 10 9.99285 10 10 10 9.99607 10 9.99554 -0.134464 10 10 10 9.99388 10 9.9938 -0.0344359 10 9.99392 10 9.99614 9.99549 10 10 0.958688 0.0837552 10 9.99494 6.63831 10 9.9938 9.99396 9.99541 9.99604 
10 10 10 10 9.87822 9.90503 2.32939 10 10 9.87715 10 -0.139055 10 10 10 10 10 10 10 9.89859 9.90703 -0.242151 9.87839 9.9379 10 9.98788 10 -0.219551 9.85314 10 9.87623 10 9.85697 10 10 10 9.92145 10 9.91081 -0.104848 10 10 10 9.87763 10 9.87603 -0.157541 10 9.87842 10 9.92286 9.90983 10 10 9.18391 -0.297138 10 9.89872 9.8876 10 9.87604 9.87912 9.9082 9.92074 
-7.55624 
-7.61166 
-7.56609 
-7.48317 
-4.21625 
-4.39806 
-0.666508 
-7.54522 
-7.56745 
-4.20898 
-9.52035 
-0.079861 
-5.43911 
-7.36887 
-7.57073 
-7.52137 
-7.57055 
-7.57039 
-7.56489 
-4.35436 
-4.4116 
-0.332337 
-4.21737 
-4.62085 
-7.56746 
-4.95949 
-7.56921 
0.122199 
-4.04615 
-7.57061 
-4.20275 
-7.56538 
-4.07213 
-7.42658 
-7.35987 
-7.56632 
-4.50934 
-7.5676 
-4.43724 
-0.0885107 
-7.67358 
-7.40568 
-7.54529 
-4.21226 
-7.51185 
-4.20139 
0.0380413 
-7.56541 
-4.21758 
-7.93658 
-4.51895 
-4.43055 
-7.56923 
-7.57069 
1.18271 
-0.279909 
-7.56677 
-4.35526 
-4.27173 
-7.50421 
-4.20143 
-4.22233 
-4.41956 
-4.50456 
-4.30152 

# Training State Metadata
EPSILON 0.05
EPSILON_MIN 0.05
EPSILON_DECAY 0.995
LEARNING_RATE 0.001
GAMMA 0.99
TRAINING_EPISODES 65959
TOTAL_GAMES 1317
BEST_SCORE 209896
AVERAGE_SCORE 16261.2
PREVIOUS_AVG_SCORE 16317.2
