0.505653 0.505653 0.505653 0.505653 0.505653 0.505653 0.505653 0.505653 -0.293228 0.505653 0.505653 0.505653 0.505653 0.505653 0.505653 0.505653 0.505653 0.505653 -0.293228 0.505653 0.505653 0.505653 -0.293228 0.505653 -0.293228 0.505653 -0.293443 -0.293228 0.505653 0.505653 0.505653 0.505653 -0.293228 0.505653 0.505653 0.505653 0.505653 0.505653 0.505653 0.505653 0.505653 0.505653 0.505653 0.505653 0.505653 0.505653 -0.293228 -0.293228 -0.293228 0.505653 0.505653 0.505653 0.505653 0.505653 0.505653 0.505653 0.505653 0.505653 -0.293228 0.505653 0.505653 -0.293228 0.505653 0.505653 
0.538451 0.538451 0.538451 0.538451 0.538451 0.538451 0.538451 0.538451 -0.362516 0.538451 0.538451 0.538451 0.538451 0.538451 0.538451 0.538451 0.538451 0.538451 -0.362516 0.538451 0.538451 0.538451 -0.362516 0.538451 -0.362516 0.538451 -0.362464 -0.362516 0.538451 0.538451 0.538451 0.538451 -0.362516 0.538451 0.538451 0.538451 0.538451 0.538451 0.538451 0.538451 0.538451 0.538451 0.538451 0.538451 0.538451 0.538451 -0.362516 -0.362516 -0.362516 0.538451 0.538451 0.538451 0.538451 0.538451 0.538451 0.538451 0.538451 0.538451 -0.362516 0.538451 0.538451 -0.362516 0.538451 0.538451 
0.467821 0.467821 0.467821 0.467821 0.467821 0.467821 0.467821 0.467821 -0.312889 0.467821 0.467821 0.467821 0.467821 0.467821 0.467821 0.467821 0.467821 0.467821 -0.312889 0.467821 0.467821 0.467821 -0.312889 0.467821 -0.312889 0.467821 -0.313806 -0.312889 0.467821 0.467821 0.467821 0.467821 -0.312889 0.467821 0.467821 0.467821 0.467821 0.467821 0.467821 0.467821 0.467821 0.467821 0.467821 0.467821 0.467821 0.467821 -0.312889 -0.312889 -0.312889 0.467821 0.467821 0.467821 0.467821 0.467821 0.467821 0.467821 0.467821 0.467821 -0.312889 0.467821 0.467821 -0.312889 0.467821 0.467821 
0.366675 0.366675 0.366675 0.366675 0.366675 0.366675 0.366675 0.366675 -0.239442 0.366675 0.366675 0.366675 0.366675 0.366675 0.366675 0.366675 0.366675 0.366675 -0.239442 0.366675 0.366675 0.366675 -0.239442 0.366675 -0.239442 0.366675 -0.239752 -0.239442 0.366675 0.366675 0.366675 0.366675 -0.239442 0.366675 0.366675 0.366675 0.366675 0.366675 0.366675 0.366675 0.366675 0.366675 0.366675 0.366675 0.366675 0.366675 -0.239442 -0.239442 -0.239442 0.366675 0.366675 0.366675 0.366675 0.366675 0.366675 0.366675 0.366675 0.366675 -0.239442 0.366675 0.366675 -0.239442 0.366675 0.366675 
0.375265 0.375265 0.375265 0.375265 0.375265 0.375265 0.375265 0.375265 -0.279556 0.375265 0.375265 0.375265 0.375265 0.375265 0.375265 0.375265 0.375265 0.375265 -0.279556 0.375265 0.375265 0.375265 -0.279556 0.375265 -0.279556 0.375265 -0.279868 -0.279556 0.375265 0.375265 0.375265 0.375265 -0.279556 0.375265 0.375265 0.375265 0.375265 0.375265 0.375265 0.375265 0.375265 0.375265 0.375265 0.375265 0.375265 0.375265 -0.279556 -0.279556 -0.279556 0.375265 0.375265 0.375265 0.375265 0.375265 0.375265 0.375265 0.375265 0.375265 -0.279556 0.375265 0.375265 -0.279556 0.375265 0.375265 
0.396743 0.396743 0.396743 0.396743 0.396743 0.396743 0.396743 0.396743 -0.274073 0.396743 0.396743 0.396743 0.396743 0.396743 0.396743 0.396743 0.396743 0.396743 -0.274073 0.396743 0.396743 0.396743 -0.274073 0.396743 -0.274073 0.396743 -0.273843 -0.274073 0.396743 0.396743 0.396743 0.396743 -0.274073 0.396743 0.396743 0.396743 0.396743 0.396743 0.396743 0.396743 0.396743 0.396743 0.396743 0.396743 0.396743 0.396743 -0.274073 -0.274073 -0.274073 0.396743 0.396743 0.396743 0.396743 0.396743 0.396743 0.396743 0.396743 0.396743 -0.274073 0.396743 0.396743 -0.274073 0.396743 0.396743 
0.452263 0.452263 0.452263 0.452263 0.452263 0.452263 0.452263 0.452263 -0.281855 0.452263 0.452263 0.452263 0.452263 0.452263 0.452263 0.452263 0.452263 0.452263 -0.281855 0.452263 0.452263 0.452263 -0.281855 0.452263 -0.281855 0.452263 -0.281537 -0.281855 0.452263 0.452263 0.452263 0.452263 -0.281855 0.452263 0.452263 0.452263 0.452263 0.452263 0.452263 0.452263 0.452263 0.452263 0.452263 0.452263 0.452263 0.452263 -0.281855 -0.281855 -0.281855 0.452263 0.452263 0.452263 0.452263 0.452263 0.452263 0.452263 0.452263 0.452263 -0.281855 0.452263 0.452263 -0.281855 0.452263 0.452263 
0.459083 0.459083 0.459083 0.459083 0.459083 0.459083 0.459083 0.459083 -0.265971 0.459083 0.459083 0.459083 0.459083 0.459083 0.459083 0.459083 0.459083 0.459083 -0.265971 0.459083 0.459083 0.459083 -0.265971 0.459083 -0.265971 0.459083 -0.265434 -0.265971 0.459083 0.459083 0.459083 0.459083 -0.265971 0.459083 0.459083 0.459083 0.459083 0.459083 0.459083 0.459083 0.459083 0.459083 0.459083 0.459083 0.459083 0.459083 -0.265971 -0.265971 -0.265971 0.459083 0.459083 0.459083 0.459083 0.459083 0.459083 0.459083 0.459083 0.459083 -0.265971 0.459083 0.459083 -0.265971 0.459083 0.459083 
0.479538 0.479538 0.479538 0.479538 0.479538 0.479538 0.479538 0.479538 -0.291883 0.479538 0.479538 0.479538 0.479538 0.479538 0.479538 0.479538 0.479538 0.479538 -0.291883 0.479538 0.479538 0.479538 -0.291883 0.479538 -0.291883 0.479538 -0.291393 -0.291883 0.479538 0.479538 0.479538 0.479538 -0.291883 0.479538 0.479538 0.479538 0.479538 0.479538 0.479538 0.479538 0.479538 0.479538 0.479538 0.479538 0.479538 0.479538 -0.291883 -0.291883 -0.291883 0.479538 0.479538 0.479538 0.479538 0.479538 0.479538 0.479538 0.479538 0.479538 -0.291883 0.479538 0.479538 -0.291883 0.479538 0.479538 
0.409885 0.409885 0.409885 0.409885 0.409885 0.409885 0.409885 0.409885 -0.222377 0.409885 0.409885 0.409885 0.409885 0.409885 0.409885 0.409885 0.409885 0.409885 -0.222377 0.409885 0.409885 0.409885 -0.222377 0.409885 -0.222377 0.409885 -0.221746 -0.222377 0.409885 0.409885 0.409885 0.409885 -0.222377 0.409885 0.409885 0.409885 0.409885 0.409885 0.409885 0.409885 0.409885 0.409885 0.409885 0.409885 0.409885 0.409885 -0.222377 -0.222377 -0.222377 0.409885 0.409885 0.409885 0.409885 0.409885 0.409885 0.409885 0.409885 0.409885 -0.222377 0.409885 0.409885 -0.222377 0.409885 0.409885 
0.199373 0.199373 0.199373 0.199373 0.199373 0.199373 0.199373 0.199373 -0.140528 0.199373 0.199373 0.199373 0.199373 0.199373 0.199373 0.199373 0.199373 0.199373 -0.140528 0.199373 0.199373 0.199373 -0.140528 0.199373 -0.140528 0.199373 -0.140524 -0.140528 0.199373 0.199373 0.199373 0.199373 -0.140528 0.199373 0.199373 0.199373 0.199373 0.199373 0.199373 0.199373 0.199373 0.199373 0.199373 0.199373 0.199373 0.199373 -0.140528 -0.140528 -0.140528 0.199373 0.199373 0.199373 0.199373 0.199373 0.199373 0.199373 0.199373 0.199373 -0.140528 0.199373 0.199373 -0.140528 0.199373 0.199373 
0.248765 0.248765 0.248765 0.248765 0.248765 0.248765 0.248765 0.248765 -0.131856 0.248765 0.248765 0.248765 0.248765 0.248765 0.248765 0.248765 0.248765 0.248765 -0.131856 0.248765 0.248765 0.248765 -0.131856 0.248765 -0.131856 0.248765 -0.131703 -0.131856 0.248765 0.248765 0.248765 0.248765 -0.131856 0.248765 0.248765 0.248765 0.248765 0.248765 0.248765 0.248765 0.248765 0.248765 0.248765 0.248765 0.248765 0.248765 -0.131856 -0.131856 -0.131856 0.248765 0.248765 0.248765 0.248765 0.248765 0.248765 0.248765 0.248765 0.248765 -0.131856 0.248765 0.248765 -0.131856 0.248765 0.248765 
0.445138 0.445138 0.445138 0.445138 0.445138 0.445138 0.445138 0.445138 -0.282379 0.445138 0.445138 0.445138 0.445138 0.445138 0.445138 0.445138 0.445138 0.445138 -0.282379 0.445138 0.445138 0.445138 -0.282379 0.445138 -0.282379 0.445138 -0.282329 -0.282379 0.445138 0.445138 0.445138 0.445138 -0.282379 0.445138 0.445138 0.445138 0.445138 0.445138 0.445138 0.445138 0.445138 0.445138 0.445138 0.445138 0.445138 0.445138 -0.282379 -0.282379 -0.282379 0.445138 0.445138 0.445138 0.445138 0.445138 0.445138 0.445138 0.445138 0.445138 -0.282379 0.445138 0.445138 -0.282379 0.445138 0.445138 
-0.152306 -0.152306 -0.152306 -0.152306 -0.152306 -0.152306 -0.152306 -0.152306 0.282391 -0.152306 -0.152306 -0.152306 -0.152306 -0.152306 -0.152306 -0.152306 -0.152306 -0.152306 0.282391 -0.152306 -0.152306 -0.152306 0.282391 -0.152306 0.282391 -0.152306 0.283199 0.282391 -0.152306 -0.152306 -0.152306 -0.152306 0.282391 -0.152306 -0.152306 -0.152306 -0.152306 -0.152306 -0.152306 -0.152306 -0.152306 -0.152306 -0.152306 -0.152306 -0.152306 -0.152306 0.282391 0.282391 0.282391 -0.152306 -0.152306 -0.152306 -0.152306 -0.152306 -0.152306 -0.152306 -0.152306 -0.152306 0.282391 -0.152306 -0.152306 0.282391 -0.152306 -0.152306 
-0.0869402 -0.0869402 -0.0869402 -0.0869402 -0.0869402 -0.0869402 -0.0869402 -0.0869402 0.229179 -0.0869402 -0.0869402 -0.0869402 -0.0869402 -0.0869402 -0.0869402 -0.0869402 -0.0869402 -0.0869402 0.229179 -0.0869402 -0.0869402 -0.0869402 0.229179 -0.0869402 0.229179 -0.0869402 0.229654 0.229179 -0.0869402 -0.0869402 -0.0869402 -0.0869402 0.229179 -0.0869402 -0.0869402 -0.0869402 -0.0869402 -0.0869402 -0.0869402 -0.0869402 -0.0869402 -0.0869402 -0.0869402 -0.0869402 -0.0869402 -0.0869402 0.229179 0.229179 0.229179 -0.0869402 -0.0869402 -0.0869402 -0.0869402 -0.0869402 -0.0869402 -0.0869402 -0.0869402 -0.0869402 0.229179 -0.0869402 -0.0869402 0.229179 -0.0869402 -0.0869402 
-0.10138 -0.10138 -0.10138 -0.10138 -0.10138 -0.10138 -0.10138 -0.10138 0.248919 -0.10138 -0.10138 -0.10138 -0.10138 -0.10138 -0.10138 -0.10138 -0.10138 -0.10138 0.248919 -0.10138 -0.10138 -0.10138 0.248919 -0.10138 0.248919 -0.10138 0.248651 0.248919 -0.10138 -0.10138 -0.10138 -0.10138 0.248919 -0.10138 -0.10138 -0.10138 -0.10138 -0.10138 -0.10138 -0.10138 -0.10138 -0.10138 -0.10138 -0.10138 -0.10138 -0.10138 0.248919 0.248919 0.248919 -0.10138 -0.10138 -0.10138 -0.10138 -0.10138 -0.10138 -0.10138 -0.10138 -0.10138 0.248919 -0.10138 -0.10138 0.248919 -0.10138 -0.10138 
-0.0196467 -0.0196467 -0.0196467 -0.0196467 -0.0196467 -0.0196467 -0.0196467 -0.0196467 0.235086 -0.0196467 -0.0196467 -0.0196467 -0.0196467 -0.0196467 -0.0196467 -0.0196467 -0.0196467 -0.0196467 0.235086 -0.0196467 -0.0196467 -0.0196467 0.235086 -0.0196467 0.235086 -0.0196467 0.234479 0.235086 -0.0196467 -0.0196467 -0.0196467 -0.0196467 0.235086 -0.0196467 -0.0196467 -0.0196467 -0.0196467 -0.0196467 -0.0196467 -0.0196467 -0.0196467 -0.0196467 -0.0196467 -0.0196467 -0.0196467 -0.0196467 0.235086 0.235086 0.235086 -0.0196467 -0.0196467 -0.0196467 -0.0196467 -0.0196467 -0.0196467 -0.0196467 -0.0196467 -0.0196467 0.235086 -0.0196467 -0.0196467 0.235086 -0.0196467 -0.0196467 
-0.0213531 -0.0213531 -0.0213531 -0.0213531 -0.0213531 -0.0213531 -0.0213531 -0.0213531 0.238609 -0.0213531 -0.0213531 -0.0213531 -0.0213531 -0.0213531 -0.0213531 -0.0213531 -0.0213531 -0.0213531 0.238609 -0.0213531 -0.0213531 -0.0213531 0.238609 -0.0213531 0.238609 -0.0213531 0.237562 0.238609 -0.0213531 -0.0213531 -0.0213531 -0.0213531 0.238609 -0.0213531 -0.0213531 -0.0213531 -0.0213531 -0.0213531 -0.0213531 -0.0213531 -0.0213531 -0.0213531 -0.0213531 -0.0213531 -0.0213531 -0.0213531 0.238609 0.238609 0.238609 -0.0213531 -0.0213531 -0.0213531 -0.0213531 -0.0213531 -0.0213531 -0.0213531 -0.0213531 -0.0213531 0.238609 -0.0213531 -0.0213531 0.238609 -0.0213531 -0.0213531 
-0.0468696 -0.0468696 -0.0468696 -0.0468696 -0.0468696 -0.0468696 -0.0468696 -0.0468696 0.21703 -0.0468696 -0.0468696 -0.0468696 -0.0468696 -0.0468696 -0.0468696 -0.0468696 -0.0468696 -0.0468696 0.21703 -0.0468696 -0.0468696 -0.0468696 0.21703 -0.0468696 0.21703 -0.0468696 0.217141 0.21703 -0.0468696 -0.0468696 -0.0468696 -0.0468696 0.21703 -0.0468696 -0.0468696 -0.0468696 -0.0468696 -0.0468696 -0.0468696 -0.0468696 -0.0468696 -0.0468696 -0.0468696 -0.0468696 -0.0468696 -0.0468696 0.21703 0.21703 0.21703 -0.0468696 -0.0468696 -0.0468696 -0.0468696 -0.0468696 -0.0468696 -0.0468696 -0.0468696 -0.0468696 0.21703 -0.0468696 -0.0468696 0.21703 -0.0468696 -0.0468696 
-0.104988 -0.104988 -0.104988 -0.104988 -0.104988 -0.104988 -0.104988 -0.104988 0.251298 -0.104988 -0.104988 -0.104988 -0.104988 -0.104988 -0.104988 -0.104988 -0.104988 -0.104988 0.251298 -0.104988 -0.104988 -0.104988 0.251298 -0.104988 0.251298 -0.104988 0.250927 0.251298 -0.104988 -0.104988 -0.104988 -0.104988 0.251298 -0.104988 -0.104988 -0.104988 -0.104988 -0.104988 -0.104988 -0.104988 -0.104988 -0.104988 -0.104988 -0.104988 -0.104988 -0.104988 0.251298 0.251298 0.251298 -0.104988 -0.104988 -0.104988 -0.104988 -0.104988 -0.104988 -0.104988 -0.104988 -0.104988 0.251298 -0.104988 -0.104988 0.251298 -0.104988 -0.104988 
-0.221685 -0.221685 -0.221685 -0.221685 -0.221685 -0.221685 -0.221685 -0.221685 0.297326 -0.221685 -0.221685 -0.221685 -0.221685 -0.221685 -0.221685 -0.221685 -0.221685 -0.221685 0.297326 -0.221685 -0.221685 -0.221685 0.297326 -0.221685 0.297326 -0.221685 0.29668 0.297326 -0.221685 -0.221685 -0.221685 -0.221685 0.297326 -0.221685 -0.221685 -0.221685 -0.221685 -0.221685 -0.221685 -0.221685 -0.221685 -0.221685 -0.221685 -0.221685 -0.221685 -0.221685 0.297326 0.297326 0.297326 -0.221685 -0.221685 -0.221685 -0.221685 -0.221685 -0.221685 -0.221685 -0.221685 -0.221685 0.297326 -0.221685 -0.221685 0.297326 -0.221685 -0.221685 
0.026807 0.026807 0.026807 0.026807 0.026807 0.026807 0.026807 0.026807 0.193739 0.026807 0.026807 0.026807 0.026807 0.026807 0.026807 0.026807 0.026807 0.026807 0.193739 0.026807 0.026807 0.026807 0.193739 0.026807 0.193739 0.026807 0.193512 0.193739 0.026807 0.026807 0.026807 0.026807 0.193739 0.026807 0.026807 0.026807 0.026807 0.026807 0.026807 0.026807 0.026807 0.026807 0.026807 0.026807 0.026807 0.026807 0.193739 0.193739 0.193739 0.026807 0.026807 0.026807 0.026807 0.026807 0.026807 0.026807 0.026807 0.026807 0.193739 0.026807 0.026807 0.193739 0.026807 0.026807 
-0.0752436 -0.0752436 -0.0752436 -0.0752436 -0.0752436 -0.0752436 -0.0752436 -0.0752436 0.278625 -0.0752436 -0.0752436 -0.0752436 -0.0752436 -0.0752436 -0.0752436 -0.0752436 -0.0752436 -0.0752436 0.278625 -0.0752436 -0.0752436 -0.0752436 0.278625 -0.0752436 0.278625 -0.0752436 0.276413 0.278625 -0.0752436 -0.0752436 -0.0752436 -0.0752436 0.278625 -0.0752436 -0.0752436 -0.0752436 -0.0752436 -0.0752436 -0.0752436 -0.0752436 -0.0752436 -0.0752436 -0.0752436 -0.0752436 -0.0752436 -0.0752436 0.278625 0.278625 0.278625 -0.0752436 -0.0752436 -0.0752436 -0.0752436 -0.0752436 -0.0752436 -0.0752436 -0.0752436 -0.0752436 0.278625 -0.0752436 -0.0752436 0.278625 -0.0752436 -0.0752436 
-0.000699032 -0.000699032 -0.000699032 -0.000699032 -0.000699032 -0.000699032 -0.000699032 -0.000699032 0.194441 -0.000699032 -0.000699032 -0.000699032 -0.000699032 -0.000699032 -0.000699032 -0.000699032 -0.000699032 -0.000699032 0.194441 -0.000699032 -0.000699032 -0.000699032 0.194441 -0.000699032 0.194441 -0.000699032 0.194319 0.194441 -0.000699032 -0.000699032 -0.000699032 -0.000699032 0.194441 -0.000699032 -0.000699032 -0.000699032 -0.000699032 -0.000699032 -0.000699032 -0.000699032 -0.000699032 -0.000699032 -0.000699032 -0.000699032 -0.000699032 -0.000699032 0.194441 0.194441 0.194441 -0.000699032 -0.000699032 -0.000699032 -0.000699032 -0.000699032 -0.000699032 -0.000699032 -0.000699032 -0.000699032 0.194441 -0.000699032 -0.000699032 0.194441 -0.000699032 -0.000699032 
0.0287184 0.0287184 0.0287184 0.0287184 0.0287184 0.0287184 0.0287184 0.0287184 0.185573 0.0287184 0.0287184 0.0287184 0.0287184 0.0287184 0.0287184 0.0287184 0.0287184 0.0287184 0.185573 0.0287184 0.0287184 0.0287184 0.185573 0.0287184 0.185573 0.0287184 0.187385 0.185573 0.0287184 0.0287184 0.0287184 0.0287184 0.185573 0.0287184 0.0287184 0.0287184 0.0287184 0.0287184 0.0287184 0.0287184 0.0287184 0.0287184 0.0287184 0.0287184 0.0287184 0.0287184 0.185573 0.185573 0.185573 0.0287184 0.0287184 0.0287184 0.0287184 0.0287184 0.0287184 0.0287184 0.0287184 0.0287184 0.185573 0.0287184 0.0287184 0.185573 0.0287184 0.0287184 
-0.119028 -0.119028 -0.119028 -0.119028 -0.119028 -0.119028 -0.119028 -0.119028 0.255891 -0.119028 -0.119028 -0.119028 -0.119028 -0.119028 -0.119028 -0.119028 -0.119028 -0.119028 0.255891 -0.119028 -0.119028 -0.119028 0.255891 -0.119028 0.255891 -0.119028 0.255046 0.255891 -0.119028 -0.119028 -0.119028 -0.119028 0.255891 -0.119028 -0.119028 -0.119028 -0.119028 -0.119028 -0.119028 -0.119028 -0.119028 -0.119028 -0.119028 -0.119028 -0.119028 -0.119028 0.255891 0.255891 0.255891 -0.119028 -0.119028 -0.119028 -0.119028 -0.119028 -0.119028 -0.119028 -0.119028 -0.119028 0.255891 -0.119028 -0.119028 0.255891 -0.119028 -0.119028 
-0.172352 -0.172352 -0.172352 -0.172352 -0.172352 -0.172352 -0.172352 -0.172352 0.296919 -0.172352 -0.172352 -0.172352 -0.172352 -0.172352 -0.172352 -0.172352 -0.172352 -0.172352 0.296919 -0.172352 -0.172352 -0.172352 0.296919 -0.172352 0.296919 -0.172352 0.298259 0.296919 -0.172352 -0.172352 -0.172352 -0.172352 0.296919 -0.172352 -0.172352 -0.172352 -0.172352 -0.172352 -0.172352 -0.172352 -0.172352 -0.172352 -0.172352 -0.172352 -0.172352 -0.172352 0.296919 0.296919 0.296919 -0.172352 -0.172352 -0.172352 -0.172352 -0.172352 -0.172352 -0.172352 -0.172352 -0.172352 0.296919 -0.172352 -0.172352 0.296919 -0.172352 -0.172352 
0.0644073 0.0644073 0.0644073 0.0644073 0.0644073 0.0644073 0.0644073 0.0644073 -0.0179955 0.0644073 0.0644073 0.0644073 0.0644073 0.0644073 0.0644073 0.0644073 0.0644073 0.0644073 -0.0179955 0.0644073 0.0644073 0.0644073 -0.0179955 0.0644073 -0.0179955 0.0644073 -0.0178568 -0.0179955 0.0644073 0.0644073 0.0644073 0.0644073 -0.0179955 0.0644073 0.0644073 0.0644073 0.0644073 0.0644073 0.0644073 0.0644073 0.0644073 0.0644073 0.0644073 0.0644073 0.0644073 0.0644073 -0.0179955 -0.0179955 -0.0179955 0.0644073 0.0644073 0.0644073 0.0644073 0.0644073 0.0644073 0.0644073 0.0644073 0.0644073 -0.0179955 0.0644073 0.0644073 -0.0179955 0.0644073 0.0644073 
0.00556577 0.00556577 0.00556577 0.00556577 0.00556577 0.00556577 0.00556577 0.00556577 0.0544189 0.00556577 0.00556577 0.00556577 0.00556577 0.00556577 0.00556577 0.00556577 0.00556577 0.00556577 0.0544189 0.00556577 0.00556577 0.00556577 0.0544189 0.00556577 0.0544189 0.00556577 0.0544204 0.0544189 0.00556577 0.00556577 0.00556577 0.00556577 0.0544189 0.00556577 0.00556577 0.00556577 0.00556577 0.00556577 0.00556577 0.00556577 0.00556577 0.00556577 0.00556577 0.00556577 0.00556577 0.00556577 0.0544189 0.0544189 0.0544189 0.00556577 0.00556577 0.00556577 0.00556577 0.00556577 0.00556577 0.00556577 0.00556577 0.00556577 0.0544189 0.00556577 0.00556577 0.0544189 0.00556577 0.00556577 
-0.533483 -0.533483 -0.533483 -0.533483 -0.533483 -0.533483 -0.533483 -0.533483 1.70251 -0.533483 -0.533483 -0.533483 -0.533483 -0.533483 -0.533483 -0.533483 -0.533483 -0.533483 1.70251 -0.533483 -0.533483 -0.533483 1.70251 -0.533483 1.70251 -0.533483 1.70161 1.70251 -0.533483 -0.533483 -0.533483 -0.533483 1.70251 -0.533483 -0.533483 -0.533483 -0.533483 -0.533483 -0.533483 -0.533483 -0.533483 -0.533483 -0.533483 -0.533483 -0.533483 -0.533483 1.70251 1.70251 1.70251 -0.533483 -0.533483 -0.533483 -0.533483 -0.533483 -0.533483 -0.533483 -0.533483 -0.533483 1.70251 -0.533483 -0.533483 1.70251 -0.533483 -0.533483 
-0.232302 
-0.232302 
-0.232302 
-0.232302 
-0.232302 
-0.232302 
-0.232302 
-0.232302 
1.73911 
-0.232302 
-0.232302 
-0.232302 
-0.232302 
-0.232302 
-0.232302 
-0.232302 
-0.232302 
-0.232302 
1.73911 
-0.232302 
-0.232302 
-0.232302 
1.73911 
-0.232302 
1.73911 
-0.232302 
1.7345 
1.73911 
-0.232302 
-0.232302 
-0.232302 
-0.232302 
1.73911 
-0.232302 
-0.232302 
-0.232302 
-0.232302 
-0.232302 
-0.232302 
-0.232302 
-0.232302 
-0.232302 
-0.232302 
-0.232302 
-0.232302 
-0.232302 
1.73911 
1.73911 
1.73911 
-0.232302 
-0.232302 
-0.232302 
-0.232302 
-0.232302 
-0.232302 
-0.232302 
-0.232302 
-0.232302 
1.73911 
-0.232302 
-0.232302 
1.73911 
-0.232302 
-0.232302 
19.994 

# Training State Metadata
EPSILON 0.02
EPSILON_MIN 0.05
EPSILON_DECAY 0.995
LEARNING_RATE 0.002
GAMMA 0.99
TRAINING_EPISODES 78405
TOTAL_GAMES 988
BEST_SCORE 373894
AVERAGE_SCORE 16549.5
PREVIOUS_AVG_SCORE 16631.1
