# Neural Network Model File
# Saved: 2025-12-05 22:14:45
# Filename: tetris_model_best_20251205_score45156.txt
#
-0.158093 -2.9318 -0.0892262 0.102759 -0.659022 -2.54221 0.425342 -0.510562 -0.152384 0.042153 0.302393 -17.9505 -2.45758 -2.67008 -2.80956 -0.0860175 0.069178 -2.95823 -0.671078 -2.58417 -2.88212 0.0768322 -2.64412 -3.13058 -2.66591 -2.99234 0.607589 -2.71309 -0.0449795 -0.39081 -0.0788129 0.0142235 -2.62921 0.0799776 -0.211538 -0.336585 -2.8896 -0.484196 0.0872078 -2.92591 -2.71634 -0.197875 -0.309619 0.521912 0.133168 0.150356 -0.251697 -0.16523 -2.91917 0.388138 1.5438 -0.0432118 0.204552 0.24898 -0.0828106 0.106849 1.05402 0.155324 -3.03004 0.28285 -1.24184 -0.123432 -3.07355 0.00744174 
0.329966 -2.89397 0.00340082 -0.0806398 -1.02512 -3.20036 0.131332 -0.376956 0.101878 0.237854 -0.188231 -18.1031 -3.05142 -3.35038 -3.25706 0.148075 0.249863 -3.09468 -0.741192 -3.08343 -2.94461 -0.181597 -3.06229 -3.20094 -3.00251 -2.83613 -0.500258 -2.88935 -0.243665 0.200921 0.285794 0.0481513 -3.07284 -0.0799704 -0.419515 1.3068 -2.90563 -0.138178 0.126047 -2.78583 -3.13181 -0.161699 -0.339561 -0.337287 0.00552361 -0.0241937 0.181099 0.0217187 -3.16258 0.262873 1.31125 -0.74038 -0.0832225 1.07552 0.291612 0.144589 1.59012 0.33736 -2.98163 0.576017 -1.45017 0.180144 -3.24326 -0.0244066 
0.0441846 -3.67757 -0.251479 0.416696 -1.38007 -2.96565 -0.129557 -0.178797 0.0352232 0.00868039 -0.0141733 -18.0304 -2.81186 -2.86433 -2.9341 0.0508833 -0.297401 -3.01469 -0.637379 -3.38066 -2.83315 0.233857 -3.235 -3.20746 -3.24569 -2.64738 0.242421 -3.05654 -0.110546 0.318873 -0.373182 0.154646 -2.76052 0.260981 0.424838 1.3825 -2.9802 -0.00744698 0.304665 -3.39292 -3.3079 -0.0629485 0.330229 1.33381 -0.120605 -0.255424 0.151481 0.595322 -2.96593 -0.0402003 1.7609 -0.0690879 -0.0102001 1.14768 0.119555 0.342661 1.40386 0.132865 -3.1327 0.682976 -1.43651 0.222281 -3.12701 0.150347 
0.176848 -1.91192 0.887557 -0.12835 -1.3234 -2.00216 -0.162997 -0.247644 0.388241 0.111332 -0.32426 -14.3756 -1.95258 -2.09017 -1.87358 0.0242645 0.127008 -2.14418 -0.862885 -2.00787 -2.05887 0.134993 -1.64652 -2.27228 -1.97897 -2.03517 -0.0373741 -1.93214 0.061688 -0.0495774 0.113036 -0.186419 -2.14664 0.00443744 0.163124 1.61523 -2.05983 0.198219 -0.0872365 -1.92008 -2.16053 0.0286774 0.0736381 -0.255988 0.115914 0.0239733 -0.269125 0.284554 -1.86662 -0.604137 0.898593 -0.23614 -0.246201 0.280485 0.220966 -1.17769 0.265346 -0.270781 -2.2202 0.246778 -1.02475 0.0663884 -1.74159 -0.408784 
-0.100854 -2.5697 0.245859 0.395696 -0.766334 -2.13291 0.153724 -0.00520819 -0.217258 -0.525869 0.302918 -13.5392 -2.51277 -2.34363 -2.2331 0.0434834 -0.310835 -2.49002 -0.236177 -2.51282 -2.56892 -0.177153 -2.38599 -2.51587 -2.38541 -2.42327 0.153679 -2.25592 -0.231383 0.345625 -0.0297096 0.254123 -2.44312 -0.379766 0.212939 1.52342 -2.42118 0.328571 -0.00571289 -2.43709 -2.55499 0.0250007 0.87447 -0.465631 0.0303793 0.0368262 -0.386753 0.321184 -2.53981 0.307932 1.13464 -0.265761 0.329158 0.306643 0.119862 -0.207719 0.878962 0.101313 -2.5273 0.619302 -0.750921 -0.319747 -2.48256 0.666748 
-0.176134 -3.17963 0.318375 -0.123764 -1.04878 -2.76179 -0.0788291 0.0972031 0.0549363 0.315616 0.184045 -14.4309 -2.89151 -3.2629 -3.32267 0.0187656 -0.103599 -3.17537 -1.26854 -2.82595 -3.28828 -0.0856671 -2.85618 -3.19511 -3.15306 -3.04701 -0.013096 -3.00895 -0.237711 0.0442699 -0.328883 0.222294 -3.01398 -0.306258 -0.171924 2.09832 -3.14574 -0.129466 -0.136577 -3.20158 -2.98275 0.233801 1.19131 -0.320796 0.0667837 0.521943 -0.138991 -0.0865116 -3.22596 -0.461169 1.76162 0.119105 -0.0756059 1.1885 0.162885 -0.0311934 0.464348 -0.130306 -3.06664 0.575091 -0.98828 -0.0549954 -3.29856 -0.39517 
-0.0949728 -2.82678 -0.34351 -0.0452065 -0.884036 -3.10187 -0.179871 0.0574304 -0.0232606 -0.0268933 -0.178817 -13.5054 -2.78306 -2.9009 -2.56986 0.128103 0.0712619 -2.69671 -0.427046 -3.20636 -2.92223 -0.0964683 -2.56412 -2.97241 -2.85235 -2.71083 -0.273227 -2.59831 0.205382 0.0309322 -0.168909 0.548805 -2.81837 -0.170481 -0.152253 1.9335 -2.67232 0.483114 0.0543761 -2.82348 -3.15717 -0.542842 0.189676 -0.623369 0.50275 0.134999 -0.3298 0.0514294 -2.83265 -0.00612823 1.54929 0.38214 0.219085 -0.144256 -0.0202329 0.911183 0.365648 -0.0151531 -2.88134 0.332803 -0.69867 -0.2144 -2.77674 0.602859 
0.497383 -2.44371 0.167465 -0.187816 -0.865905 -2.17746 0.312337 0.0874769 0.16763 0.0950472 0.320846 -13.7103 -2.32182 -2.20178 -2.2805 0.419828 0.316888 -2.29029 -0.630439 -2.10535 -2.06776 0.231181 -1.86372 -2.395 -2.1801 -2.5842 0.181468 -2.23894 0.0791749 -0.130173 -0.0757817 -0.108056 -2.18765 0.22956 0.542478 1.94348 -2.32647 -0.408866 -0.16693 -2.39846 -2.1698 -0.107618 -0.601567 0.3545 -0.129332 -0.12098 -0.0661091 -0.375934 -2.24498 0.151629 1.45373 0.130243 0.0993528 1.55217 0.0388096 0.0422814 0.981376 -0.0282579 -2.33473 1.68565 -0.853387 0.177779 -2.01414 0.0890902 
-0.0912295 -1.30081 -0.163273 0.102572 -1.06664 -0.788088 -0.00563511 0.488374 -0.537667 -0.354935 -0.0069581 -14.1367 -0.701256 -0.871907 -1.02413 -0.196982 0.317976 -1.14609 -0.608242 -1.21356 -1.31502 0.49468 -1.04345 -1.15944 -0.900804 -0.991062 -0.0917096 -0.822294 0.513003 0.262386 -0.0621113 -0.376732 -0.872324 0.350158 0.0351717 0.411429 -0.883231 0.271245 -0.438743 -1.31278 -1.1922 -0.503146 -0.399843 0.187665 -0.471508 0.0959394 0.096945 -0.593349 -1.19513 0.06537 0.780374 0.83583 -0.0925644 1.18964 -0.414819 -0.0119905 0.997878 -0.265167 -1.10173 0.454692 -1.13827 0.492227 -1.23535 0.39347 
0.312146 -1.47266 -0.0190923 0.312715 -0.173693 -1.32385 -0.761095 0.0528909 0.196356 -0.567394 0.397422 -12.7119 -1.32379 -1.52593 -1.26437 -0.157511 -0.543706 -1.4713 -1.05947 -1.40064 -1.32151 -0.259076 -0.941115 -1.56364 -1.38866 -1.48055 -0.083399 -1.31487 -0.188803 0.0240484 0.06365 -0.0420897 -1.37147 0.334739 -0.223131 -0.47667 -1.45658 0.429925 0.125166 -1.24622 -1.64007 -0.304198 -0.518908 -0.219924 0.130592 -0.368453 0.11824 -0.388755 -1.23564 -0.377549 0.584778 0.619343 -0.209954 -0.421617 0.415072 0.0763876 0.0211109 -0.319218 -1.47531 -0.297455 -0.478638 0.0452492 -1.28975 -0.201193 
-0.371106 -0.02531 -0.166521 -0.344459 -1.69738 -0.189969 0.168852 0.151806 0.309059 -0.256743 -0.501166 -19.8198 -0.512917 0.212238 -0.312699 -0.131711 -0.320431 -0.256218 -1.05005 -0.722903 -0.228958 -0.0413053 -0.195131 -0.309039 -0.606751 -0.510923 -0.106818 -0.54818 0.349194 -0.405878 0.170597 0.0282411 -0.530034 -0.448596 0.0311808 1.07708 -0.370877 -0.189248 0.109158 -0.214139 -0.429407 -0.148747 -0.478246 -0.142948 -0.0213375 -0.163145 0.350322 -0.20135 -0.268617 0.271282 2.01826 -0.601935 0.141242 1.10468 -0.377975 -0.156801 1.14858 -0.00284354 -0.386076 1.19502 -1.05251 -0.0975753 0.0597215 -0.174067 
1.91862 7.08112 1.63565 1.76642 -1.83618 6.93787 1.76911 1.92056 2.1676 1.97844 2.21655 -3.61974 7.57894 7.48548 7.35507 1.87831 1.68311 7.50961 -1.80267 7.13696 7.61222 1.59912 6.64024 7.34248 7.19814 7.28122 1.76988 7.15234 1.4533 1.89586 2.00944 1.61715 7.68354 1.72532 1.46311 8.11936 7.42212 1.50725 1.58748 7.2084 7.1284 2.30874 1.98296 1.48474 1.47278 1.87693 1.56204 2.2235 7.14007 1.78859 8.47142 1.41632 1.42677 8.44716 1.91198 1.39573 8.42932 1.01233 7.10106 8.28138 -1.51978 1.70549 7.36801 1.39915 
0.428701 1.73955 0.0241074 0.0212612 -0.110933 2.03602 -0.175 0.534637 0.561494 0.951487 0.218475 -1.69954 2.03304 2.18493 1.20833 0.6109 0.897634 1.58183 -0.352381 2.09052 2.14616 0.325311 2.32091 1.40546 1.86087 1.97421 0.4789 1.86038 0.701828 0.0433314 0.329829 0.355529 1.99774 0.337278 0.344428 1.02084 1.64523 0.270135 1.0175 2.30098 1.59181 0.394375 0.320588 0.26973 0.200699 0.130074 0.574276 0.100323 2.25134 0.463725 2.13389 0.0935861 0.370869 1.53483 0.529645 0.0623578 1.54818 0.458176 1.96165 1.7748 -0.533391 -0.0534248 2.36788 0.299954 
-0.144115 3.52348 -0.697101 -0.266279 -0.279316 3.31168 -0.372411 -0.172281 -0.351318 -0.741413 -0.361881 -2.06804 3.17726 3.38747 3.16303 -0.359896 -0.71058 3.27197 0.459428 3.35899 3.29029 -0.33874 3.32749 3.6072 3.09326 3.23418 -0.451323 3.08117 -0.509355 -0.550191 -0.28382 -0.335414 3.13705 -0.240979 -0.777051 -0.472935 3.42353 -0.183136 -0.629566 3.4391 3.49922 -0.6937 -0.724732 -0.42328 -0.345008 -0.560295 -0.343065 -0.64538 3.5738 -0.584973 -0.0348632 -0.690089 -0.398138 -0.318247 -0.2886 -0.354121 -0.435725 -0.454698 3.38762 -0.309202 -0.499081 -0.517612 3.43695 -0.624532 
-0.375881 0.656727 0.171567 0.064899 -0.689134 0.677958 -0.0290619 -0.137963 0.0149202 -0.418727 -0.361424 -5.30949 0.660526 0.763298 0.710397 -0.0984583 0.0768918 0.752433 0.0231674 0.737122 0.65065 -0.878407 0.655521 0.862887 0.662283 0.699027 -0.0351656 0.744742 0.0343801 -0.33594 -0.143825 -0.330237 0.741003 -0.0208385 -0.187741 -0.394108 0.819689 -0.335831 -0.206458 0.683798 0.732135 -0.096799 0.193358 -0.765074 -0.0531447 0.128876 0.145856 -0.284188 0.892562 -0.114914 -0.349188 0.277973 -0.114874 -0.340319 -0.180073 0.0537674 0.167699 -0.243179 0.81174 -0.207993 -0.0375525 -0.0962129 0.828863 -0.404861 
-0.163831 2.80397 -0.496253 -0.523821 -0.646865 2.65862 -0.323227 -0.179412 -0.213115 -0.432474 -0.314344 -3.28607 2.61646 2.81964 2.58084 -0.375467 -0.367683 2.75225 0.0647859 2.76508 2.75684 -0.207904 2.58495 2.92578 2.6858 2.76383 -0.728595 2.65223 -0.607985 -0.193068 -0.205226 -0.409685 2.82804 -0.766666 -0.602744 -0.257728 2.75659 -0.523005 -0.382269 2.77833 2.86301 -0.382801 -0.339668 -0.0206703 -0.291519 -0.642474 -0.0342921 -0.793581 2.82982 -0.796827 -0.196139 0.036119 -0.385586 -0.367911 -0.251785 -0.104612 -0.149093 -0.641812 2.79991 -0.105772 -0.706501 -0.806878 2.73537 -0.416441 
-0.424635 3.56773 -0.833388 -0.189254 -0.335139 3.23201 -0.262949 -0.754579 -0.370798 -0.556676 -0.389548 -4.75341 3.04757 3.37876 3.18359 -0.66387 -0.141999 3.27201 0.171113 3.41416 3.30996 -0.174857 3.15535 3.6784 3.08928 3.18562 -0.329628 3.07008 -0.401013 -0.0239233 -0.555359 -0.365108 3.07012 -0.264495 -0.394606 -0.141525 3.39848 -0.261255 -0.183967 3.46421 3.5607 0.000342798 -0.442175 -1.113 -0.595295 -0.176068 -0.269801 -0.454037 3.57007 -0.234087 -0.271423 -0.00237538 -0.391044 -0.107859 -0.38866 -0.40114 -0.321123 -0.965473 3.40811 -0.247951 -0.381204 -0.256801 3.43001 -0.627652 
-0.111173 1.21641 -0.207788 -0.346373 -0.393216 0.91529 -0.202338 -0.366135 -0.075098 -0.195387 -0.0800475 -4.31304 0.709223 1.03197 0.73237 -0.236514 0.00252984 0.800061 -0.365837 0.965439 0.953786 0.0150633 0.759882 1.19378 0.679483 0.80089 -0.1695 0.591938 -0.0809957 -0.419915 0.0561556 -0.177502 0.781438 0.510539 -0.348078 -0.506395 0.974601 -0.32769 0.150273 1.02135 1.13265 -0.0497117 -0.306047 -0.151998 -0.287293 0.0764762 -0.0652071 -0.618309 1.10865 -0.406883 -0.264485 -0.24109 -0.41367 -0.213873 -0.135731 -0.245657 0.391056 -0.144642 0.909612 -0.377967 -0.24808 -0.155821 0.970926 -0.687494 
-0.466094 3.63051 -0.365369 -0.458581 -0.270111 3.26261 -0.673729 -0.443746 -0.325346 -0.747526 -0.482232 -3.97516 3.22367 3.44416 3.21761 -0.413057 -0.179501 3.374 0.329961 3.4095 3.31645 -0.211031 3.26196 3.63659 3.17943 3.30866 -0.71078 3.14072 -0.349387 -0.219248 -0.548105 -0.176596 3.17033 -0.122914 -0.430283 -0.431677 3.45089 -0.40566 -0.456797 3.52159 3.56338 -0.295358 -0.528819 -0.468654 -0.577648 -0.452923 -0.216 -0.408554 3.52401 -0.145931 0.0112646 0.18982 -0.485053 -0.367 -0.835187 -0.705901 -0.382658 -0.411267 3.43342 -0.403265 0.0389708 -0.873371 3.47507 -0.262265 
-0.51736 2.40029 -0.216438 -0.574512 -0.470815 2.00307 -0.242265 -0.106322 -0.0283163 -0.347364 -0.576552 -4.34587 2.03904 2.1581 2.12221 -0.277016 -0.457728 2.20596 -0.0970323 2.25508 2.10405 -0.348388 1.98709 2.45245 2.10671 2.28604 -0.566221 2.17647 -0.45492 -0.126265 -0.366434 -0.663696 2.2553 0.0182428 -0.241501 -0.486746 2.22124 -0.387342 -0.229993 2.25562 2.44038 0.222326 -0.00418578 -0.742004 -0.141027 -0.037894 0.109937 -0.281785 2.24542 -0.266241 -0.283945 -0.547563 -0.356888 -0.290771 -0.191815 -0.831773 0.159754 -0.265752 2.33415 -0.282349 -0.0830093 -0.523528 2.21834 -0.0277503 
-0.813731 3.3345 -0.939224 -0.775183 -0.251381 3.13226 -0.305955 -0.561891 -0.179203 -0.423056 -0.547093 -4.0338 3.25478 2.92567 3.09317 -0.192611 -0.990222 3.28467 0.160271 3.11209 3.09264 -0.40122 3.10398 3.18109 3.04978 3.18695 -0.18177 3.15851 -0.468374 -0.496913 -0.557155 -0.782941 2.98734 -0.186412 -0.402167 -0.289518 3.11961 -0.391029 -0.22281 3.17621 3.17617 -0.415366 -1.24722 -0.00382247 -0.26153 -0.270012 -0.0250569 -0.554348 3.09218 -0.425923 0.0858607 0.163112 -0.400407 -0.450091 -0.228513 -0.346554 -0.438926 -0.235605 2.87419 -0.142621 -0.682519 0.122244 3.25349 -0.635129 
-0.308445 4.43257 -0.462879 -0.590381 -0.0995267 4.01979 -0.57683 -0.4804 -0.337605 -0.753634 -0.456004 -3.13208 4.11421 3.85812 3.92041 -0.565291 -0.558728 4.31327 0.393772 4.05178 4.10224 -0.465003 3.89535 4.2576 3.9554 4.14007 -0.224052 3.9851 -0.685891 -0.529573 -0.398951 -0.413881 3.86388 -0.495976 -0.613229 -0.313851 4.10882 -0.530436 -0.429824 4.23831 4.16343 -0.636452 -0.588347 -1.28126 -0.477075 -0.210981 -0.153123 -0.0487097 3.94816 -0.622125 0.0385724 -0.937581 -0.39384 -0.199927 -0.305473 -0.440653 -0.505274 -0.593968 3.90386 -0.0745049 0.0593621 -0.70947 4.16733 -0.480653 
-0.164635 1.48322 -0.392199 0.102161 -0.281852 1.14417 -0.0861174 -0.167124 -0.0265181 0.24388 -0.253273 -4.62514 1.19533 0.952637 1.08765 -0.604326 -0.0573451 1.27434 -0.121859 1.1586 1.13685 -0.311984 1.14198 1.22 0.959421 1.16802 -0.401909 1.06447 -0.198471 -0.268726 -0.0846219 -0.199999 0.864387 -0.768572 -0.118435 -0.300764 1.18287 -0.00170033 -0.0739516 1.29181 1.28216 -0.247708 0.133642 -0.988399 -0.0884693 -0.159586 0.168642 -0.268018 1.11452 -0.422821 0.0531017 -0.495898 0.111374 -0.354383 -0.0610278 0.0405942 -0.250791 0.0532668 0.825256 -0.132573 0.112509 0.167267 1.28868 -0.14906 
-0.164063 3.07647 -0.840412 -0.68136 0.120323 2.77931 -0.292074 -0.328697 -0.0800215 -0.475021 -0.472008 -4.34684 2.77944 2.60927 2.65124 -0.13232 -0.483368 2.93465 -0.0256905 2.81442 2.81527 -0.477188 2.6462 2.95794 2.66246 2.76518 -0.548193 2.66172 -0.146992 -0.48432 -0.717903 -0.492938 2.58387 -0.0237913 -0.274989 -0.167632 2.79701 -0.536787 -0.242695 2.8679 2.87339 -0.302403 -0.341423 0.113387 -0.242521 -0.0640257 -0.0530794 -0.179406 2.74843 -1.01635 0.000759396 -0.315829 -0.0248876 -0.321067 -0.176915 -0.843972 -0.11367 -0.186831 2.54171 -0.117444 -0.0167928 -0.0789176 2.8812 -0.162281 
-0.603104 2.94591 -0.864799 -0.108715 -0.622636 2.7334 -0.326712 -0.394943 -0.189624 -0.408167 -0.467507 -4.4783 2.76468 2.51278 2.56628 -0.271692 -0.259533 2.80866 0.143048 2.70256 2.68889 -0.406705 2.60149 2.76396 2.55457 2.66587 -0.781759 2.65364 -0.428774 -0.383448 -0.291371 -0.356508 2.48155 -0.207135 -0.312664 -0.38759 2.68327 -0.152546 -0.442149 2.80786 2.7224 -0.484643 -0.521108 -0.468728 -0.281954 -0.132609 -0.0909286 -0.648192 2.66556 -0.658057 0.00215626 -0.249084 -0.231984 -0.145077 -0.510155 -0.617189 -0.0988815 -0.205425 2.37741 0.011061 -1.00438 -0.370423 2.86349 -0.388014 
-0.274608 1.38549 -0.127085 -0.0326502 -0.347845 1.31592 -0.0952569 -0.771287 0.0828917 -0.185868 -0.173915 -3.80166 1.40763 1.13824 1.23656 -0.000497664 -0.588963 1.53703 -0.201161 1.26122 1.31355 -0.318301 1.23976 1.33396 1.19832 1.24694 0.0296507 1.27236 -0.155433 -0.562462 -0.0567037 -0.633637 1.16774 -0.303108 -0.363984 -0.305972 1.28734 -0.704963 -0.19469 1.28037 1.24757 -0.318506 0.104302 -0.229692 -0.481436 -0.272756 0.127304 0.407045 1.25889 -0.225084 -0.073762 -0.634649 -0.222735 -0.340305 -0.128125 -0.113531 -0.00982304 -0.171612 0.999342 -0.0700251 -0.592801 -0.517416 1.44767 0.211458 
-0.159309 1.76828 0.0400335 -0.0341402 -0.385696 1.67703 -0.657086 -0.227845 0.0797439 -0.0835082 -0.289479 -4.41828 1.73837 1.37417 1.55702 -0.339534 -0.227693 1.74691 -0.232447 1.64122 1.62528 -0.402022 1.50686 1.60982 1.57553 1.61408 -0.504742 1.7027 -0.302502 -0.496213 -0.361667 -0.554495 1.54613 -0.190333 -0.102563 -0.300825 1.54041 -0.417003 -0.169234 1.67804 1.58319 -0.117853 -0.309936 -0.38818 -0.305571 -0.194324 0.22444 -0.481416 1.50871 -0.429223 -0.0572347 -0.252232 -0.173553 -0.354974 -0.232555 -0.756488 0.107849 -0.166626 1.33743 -0.0556456 -0.217658 -0.587598 1.62297 -0.293403 
-2.56552 17.5311 -2.78329 -2.54705 -2.92877 16.302 -2.36184 -2.5138 -1.76832 -1.99168 -2.20226 -26.8952 15.9834 16.4987 16.5729 -2.40341 -2.43757 16.121 0.876928 16.7648 16.8341 -2.34466 16.1252 17.4658 15.9505 16.1263 -2.29401 15.2204 -2.53311 -2.31848 -2.37637 -2.65516 15.3836 -2.64366 -2.27556 -1.85527 16.7111 -2.55084 -1.68477 16.9956 17.5672 -2.06572 -2.60082 -2.6569 -2.3196 -2.58806 -1.97268 -2.63233 17.2298 -2.50025 -0.214972 -3.04804 -2.42707 -1.56679 -2.42215 -2.73586 -0.834593 -2.24822 17.1073 -1.67966 -1.99509 -2.64022 16.6822 -2.86443 
-26.7837 
-1.06892 
-26.7717 
-26.788 
16.0562 
-1.14025 
-25.7555 
-22.63 
-26.7674 
-23.2308 
-26.7725 
-4.46095 
-1.07165 
-1.11209 
-1.05691 
-26.778 
-23.8555 
-1.07236 
17.7466 
-1.05404 
-1.10154 
-26.2425 
-1.16804 
-1.04687 
-1.07417 
-1.06199 
-26.7722 
-1.07209 
-26.5876 
-26.0129 
-23.4631 
-26.5663 
-1.05535 
-25.2224 
-26.6723 
-9.5048 
-1.12226 
-25.1374 
-26.761 
-1.07437 
-1.0425 
-17.9286 
-26.8 
-25.6431 
-26.7701 
-26.6358 
-26.7078 
-23.554 
-1.14657 
-25.5224 
-22.9158 
-25.2986 
-26.775 
-11.5636 
-26.7783 
-25.7855 
-21.5571 
-23.8934 
-1.04372 
-10.7403 
25.4516 
-26.775 
-1.11145 
-26.7935 
26.3829 

# Training State Metadata
FILENAME tetris_model_best_20251205_score45156.txt
EPSILON 0.45
EPSILON_MIN 0.15
EPSILON_DECAY 0.9995
LEARNING_RATE 0.001
GAMMA 0.99
TRAINING_EPISODES 90368
TOTAL_GAMES 3443
BEST_SCORE 45156
AVERAGE_SCORE 4038.62
PREVIOUS_AVG_SCORE 4018.54
