# Neural Network Model File
# Saved: 2025-12-04 13:37:02
# Filename: tetris_model_best.txt
#
-0.0455311 -0.0455203 0.0549958 -0.0455366 0.0550055 -0.0455385 -0.0455287 -0.0455313 0.0550123 -0.0455189 -0.045535 -0.0455418 -0.0455185 -0.0455297 -0.0455285 -0.0455452 0.0550145 0.055019 -0.0455346 -0.045548 0.0550129 -0.0455359 0.055003 -0.0455313 -0.0455298 0.055012 -0.0455384 -0.0455266 -0.0455254 -0.0455234 -0.0455223 0.0550076 0.0550149 -0.0455342 -0.0455404 -0.0455251 -0.0455261 -0.0455344 0.0550051 -0.045543 -0.0455126 -0.0454867 -0.0455157 -0.0455477 0.0550049 -0.0455114 -0.0455103 -0.0455034 -0.0455198 0.0550101 -0.0455265 -0.0455348 0.0550074 -0.0455345 -0.0455441 -0.0455235 0.0550024 -0.0455254 -0.045518 -0.0455332 -0.0455317 0.0550109 -0.045546 0.0549983 
0.19083 0.190832 -0.0413721 0.190838 -0.0413545 0.190831 0.190833 0.190822 -0.0413448 0.19083 0.190819 0.190838 0.190821 0.190819 0.190825 0.190822 -0.0413686 -0.0413696 0.190815 0.190834 -0.0413668 0.190833 -0.0413643 0.190829 0.190828 -0.0413706 0.190809 0.190832 0.190841 0.190838 0.190815 -0.0413848 -0.0413633 0.190832 0.190826 0.190825 0.190832 0.190831 -0.0413716 0.19082 0.190815 0.19082 0.190828 0.19082 -0.0413679 0.190845 0.190827 0.190823 0.190842 -0.0413637 0.19084 0.190818 -0.0413578 0.190819 0.190818 0.190813 -0.0413602 0.190828 0.190846 0.190836 0.190822 -0.0413585 0.190849 -0.0413732 
0.0896356 0.0896395 -0.0254974 0.0896245 -0.0254911 0.0896356 0.0896157 0.0896385 -0.0254914 0.089643 0.0896112 0.0896213 0.0896553 0.0896259 0.0896255 0.089597 -0.0254986 -0.025503 0.089632 0.0896331 -0.0254987 0.0896367 -0.0255045 0.0896222 0.0896219 -0.0255086 0.089622 0.0896226 0.0896518 0.0896373 0.0896378 -0.0255012 -0.0255059 0.0896303 0.0896301 0.0896457 0.0896246 0.0896251 -0.0254988 0.089633 0.0896289 0.089635 0.0896323 0.0896315 -0.0254972 0.0896747 0.0896439 0.0896269 0.0896207 -0.025515 0.0896345 0.0896313 -0.0255029 0.0896306 0.0896349 0.0896335 -0.0254986 0.0896181 0.0896359 0.089643 0.089627 -0.0255082 0.0896139 -0.0255244 
0.231583 0.231607 -0.0372824 0.231582 -0.0372858 0.231589 0.231572 0.231575 -0.0372936 0.231585 0.231588 0.231607 0.23158 0.231598 0.231572 0.231583 -0.0372869 -0.037284 0.231603 0.231605 -0.0372682 0.231597 -0.0372988 0.231583 0.2316 -0.0372921 0.231598 0.231616 0.231582 0.231609 0.231572 -0.0373023 -0.0372947 0.231579 0.231589 0.231582 0.231583 0.231599 -0.0373047 0.231596 0.231578 0.23157 0.231585 0.231607 -0.0372699 0.231626 0.231564 0.231566 0.231594 -0.037297 0.231584 0.2316 -0.0372971 0.231608 0.231609 0.231591 -0.0373042 0.231601 0.231588 0.231598 0.23159 -0.0372672 0.231587 -0.0372787 
0.235286 0.235291 -0.0852208 0.235278 -0.0852097 0.235302 0.235299 0.235294 -0.0852009 0.235294 0.235303 0.235302 0.235272 0.235297 0.235292 0.235286 -0.0852024 -0.0852075 0.235281 0.23529 -0.0852153 0.235298 -0.0852222 0.235306 0.235279 -0.0852057 0.235297 0.235288 0.235278 0.235285 0.235281 -0.0852173 -0.085208 0.23529 0.235288 0.235284 0.235293 0.235292 -0.0852119 0.235301 0.235289 0.23528 0.235298 0.235291 -0.0852112 0.235305 0.235303 0.235294 0.235293 -0.0852143 0.235296 0.235298 -0.0852245 0.23531 0.235286 0.235298 -0.0852074 0.235282 0.235294 0.23529 0.235305 -0.0852099 0.235296 -0.0852129 
-0.0253662 -0.0253756 -0.0295836 -0.0253581 -0.029588 -0.0253597 -0.025364 -0.0253712 -0.0295875 -0.0253514 -0.0253621 -0.0253504 -0.0253694 -0.025364 -0.025355 -0.0253745 -0.0296044 -0.0296202 -0.0253582 -0.0253702 -0.0296231 -0.0253579 -0.0296066 -0.0253865 -0.0253647 -0.0295913 -0.0253747 -0.0253562 -0.0253548 -0.0253633 -0.0253877 -0.0296178 -0.0295994 -0.0253559 -0.0253603 -0.0253771 -0.0253602 -0.0253693 -0.0296103 -0.0253548 -0.0253662 -0.0253846 -0.0253575 -0.0253555 -0.0296174 -0.0253478 -0.0253599 -0.0253821 -0.0253657 -0.0296071 -0.0253455 -0.025361 -0.0295893 -0.0253702 -0.0253775 -0.0253684 -0.0296148 -0.0253687 -0.0253601 -0.02536 -0.0253686 -0.0296144 -0.0253596 -0.0296035 
0.171837 0.171841 -0.0525808 0.171828 -0.0525855 0.171852 0.171839 0.171838 -0.0525675 0.171848 0.171846 0.171847 0.171847 0.17187 0.171855 0.17185 -0.0525807 -0.0525619 0.171843 0.171854 -0.0525521 0.171844 -0.0525794 0.171838 0.171843 -0.0525705 0.171843 0.171836 0.171838 0.171839 0.171845 -0.0525748 -0.0525762 0.171852 0.171861 0.171834 0.171835 0.17185 -0.0525645 0.171844 0.171854 0.17186 0.171843 0.171858 -0.0525696 0.171839 0.171842 0.171849 0.171847 -0.0525811 0.17184 0.171841 -0.0525782 0.171851 0.17185 0.171861 -0.0525627 0.171846 0.17185 0.171849 0.171846 -0.0525754 0.17184 -0.0525788 
0.213097 0.21312 -0.112138 0.21311 -0.112144 0.213105 0.21311 0.213089 -0.112154 0.213087 0.213102 0.213105 0.213109 0.213104 0.213115 0.213118 -0.112143 -0.112148 0.213103 0.213121 -0.112148 0.213096 -0.112161 0.213104 0.213107 -0.112148 0.213102 0.213099 0.213096 0.2131 0.213093 -0.112147 -0.11214 0.213114 0.213107 0.213087 0.213095 0.213097 -0.112155 0.213099 0.2131 0.213105 0.2131 0.213086 -0.112148 0.213113 0.213106 0.213109 0.213103 -0.112145 0.213102 0.21311 -0.112144 0.213093 0.213115 0.213091 -0.112154 0.213119 0.213101 0.213094 0.213103 -0.112166 0.213107 -0.112164 
0.0872016 0.0871939 -0.0168392 0.0872082 -0.0168372 0.0871845 0.0871913 0.0871834 -0.0168298 0.0871865 0.0871733 0.0871826 0.0871848 0.08719 0.0871849 0.087223 -0.0168396 -0.0168545 0.0871917 0.0871861 -0.0168491 0.0871886 -0.0168457 0.0872074 0.0871889 -0.0168462 0.0871986 0.0871747 0.0871884 0.0871697 0.0871951 -0.0168437 -0.0168459 0.0871777 0.0872002 0.087192 0.0871848 0.0871933 -0.0168445 0.0872074 0.0871741 0.0871808 0.0871847 0.0871812 -0.0168565 0.0872118 0.087182 0.0871826 0.0872026 -0.0168351 0.0871955 0.0872127 -0.0168485 0.0872131 0.0872026 0.0871957 -0.0168423 0.0871665 0.0871862 0.0871855 0.0871917 -0.0168403 0.0871788 -0.016836 
0.100653 0.10066 -0.0394113 0.100643 -0.0393862 0.100664 0.100634 0.100631 -0.0394006 0.100633 0.10065 0.100641 0.100649 0.10066 0.100635 0.100654 -0.0393933 -0.0394014 0.100628 0.100645 -0.0393851 0.10064 -0.0394106 0.100647 0.100632 -0.0393932 0.100637 0.100637 0.100637 0.100634 0.100633 -0.0394012 -0.0393828 0.100638 0.100651 0.100653 0.100626 0.100646 -0.0394065 0.100639 0.10064 0.100627 0.100639 0.100635 -0.0393776 0.100629 0.100647 0.100657 0.100655 -0.0393935 0.100657 0.100643 -0.0393902 0.100658 0.100646 0.100641 -0.0393921 0.100649 0.100643 0.100632 0.100646 -0.0393997 0.100647 -0.0393912 
1.97144 1.97144 -0.557228 1.97144 -0.55721 1.97144 1.97144 1.97144 -0.55722 1.97144 1.97144 1.97144 1.97144 1.97144 1.97144 1.97144 -0.557221 -0.557201 1.97144 1.97144 -0.5572 1.97144 -0.557205 1.97144 1.97144 -0.557215 1.97144 1.97144 1.97144 1.97144 1.97144 -0.557219 -0.557209 1.97144 1.97144 1.97144 1.97144 1.97144 -0.557217 1.97144 1.97144 1.97144 1.97144 1.97144 -0.557216 1.97144 1.97144 1.97144 1.97144 -0.557202 1.97144 1.97144 -0.557221 1.97144 1.97144 1.97144 -0.557213 1.97144 1.97144 1.97144 1.97144 -0.557206 1.97144 -0.557219 
1.3244 1.32442 -0.26459 1.32438 -0.264589 1.32439 1.32439 1.32438 -0.26458 1.32439 1.32439 1.32439 1.32441 1.32439 1.32439 1.3244 -0.26458 -0.264581 1.32439 1.32439 -0.264597 1.32438 -0.264606 1.32441 1.3244 -0.264574 1.32442 1.3244 1.3244 1.32439 1.32439 -0.264588 -0.26458 1.3244 1.32439 1.3244 1.32439 1.3244 -0.264605 1.32438 1.3244 1.32439 1.32439 1.3244 -0.264588 1.32439 1.32439 1.32439 1.32441 -0.264597 1.3244 1.3244 -0.264596 1.3244 1.32438 1.32441 -0.264598 1.3244 1.3244 1.3244 1.3244 -0.264609 1.32441 -0.264594 
1.97493 1.97493 -0.407559 1.97493 -0.407549 1.97493 1.97493 1.97493 -0.407575 1.97493 1.97493 1.97493 1.97493 1.97493 1.97493 1.97493 -0.407548 -0.407577 1.97493 1.97493 -0.407566 1.97493 -0.407563 1.97493 1.97493 -0.407555 1.97493 1.97493 1.97493 1.97493 1.97493 -0.407566 -0.40756 1.97493 1.97493 1.97493 1.97493 1.97493 -0.407578 1.97493 1.97493 1.97493 1.97493 1.97493 -0.407554 1.97493 1.97493 1.97493 1.97493 -0.40757 1.97493 1.97493 -0.407564 1.97493 1.97493 1.97493 -0.40756 1.97493 1.97493 1.97493 1.97493 -0.407555 1.97493 -0.407579 
1.50815 1.50815 -0.301116 1.50814 -0.301124 1.50815 1.50814 1.50812 -0.30111 1.50813 1.50814 1.50815 1.50814 1.50816 1.50815 1.50813 -0.301135 -0.301126 1.50817 1.50815 -0.30112 1.50814 -0.30113 1.50813 1.50815 -0.301129 1.50813 1.50816 1.50814 1.50812 1.50814 -0.301137 -0.301122 1.50814 1.50814 1.50813 1.50814 1.50816 -0.301126 1.50815 1.50814 1.50813 1.50813 1.50815 -0.301128 1.50816 1.50816 1.50811 1.50814 -0.301122 1.50815 1.50813 -0.301112 1.50816 1.50815 1.50814 -0.301121 1.50814 1.50814 1.50813 1.50815 -0.301108 1.50814 -0.30112 
0.813522 0.813519 -0.162312 0.813518 -0.162297 0.813517 0.81352 0.813509 -0.162289 0.813501 0.813503 0.813521 0.813497 0.813518 0.813534 0.813496 -0.162297 -0.162296 0.813518 0.813515 -0.162289 0.813502 -0.162305 0.813511 0.813519 -0.16229 0.813513 0.81352 0.813516 0.813521 0.813507 -0.162305 -0.162287 0.813518 0.813514 0.813507 0.813513 0.813534 -0.162295 0.813518 0.813515 0.8135 0.813517 0.813516 -0.162302 0.813571 0.813505 0.813503 0.813514 -0.162295 0.813516 0.81351 -0.162298 0.813509 0.813514 0.81352 -0.1623 0.813511 0.813513 0.813504 0.813513 -0.162311 0.813509 -0.162292 
0.705611 0.705623 -0.140878 0.705616 -0.140898 0.70563 0.70562 0.705631 -0.140895 0.705618 0.705611 0.705623 0.705616 0.70563 0.705623 0.705612 -0.140895 -0.140874 0.70561 0.705624 -0.140887 0.705621 -0.140877 0.705625 0.705626 -0.140899 0.705608 0.705634 0.705616 0.705621 0.705622 -0.140883 -0.140889 0.70563 0.705615 0.705623 0.70561 0.705616 -0.140883 0.705608 0.705617 0.705626 0.705615 0.705614 -0.140891 0.705645 0.705634 0.705585 0.705608 -0.140884 0.705618 0.705623 -0.140895 0.705632 0.705607 0.705636 -0.140913 0.705606 0.705615 0.705623 0.705621 -0.140903 0.705621 -0.140899 
1.01024 1.01024 -0.201748 1.01024 -0.201749 1.01026 1.01024 1.01023 -0.201744 1.01025 1.01026 1.01025 1.01025 1.01021 1.01025 1.01026 -0.201731 -0.201725 1.01026 1.01023 -0.201725 1.01024 -0.201728 1.01024 1.01024 -0.201748 1.01023 1.01025 1.01024 1.01025 1.01024 -0.201749 -0.201728 1.01023 1.01024 1.01026 1.01024 1.01026 -0.201723 1.01024 1.01025 1.01024 1.01024 1.01024 -0.201725 1.01029 1.01025 1.01024 1.01025 -0.201734 1.01023 1.01026 -0.201733 1.01025 1.01025 1.01024 -0.201743 1.01024 1.01024 1.01025 1.01025 -0.201744 1.01024 -0.201734 
0.81507 0.815067 -0.162874 0.815067 -0.162873 0.815067 0.815048 0.815033 -0.162871 0.815052 0.815081 0.815064 0.815062 0.815067 0.815059 0.815054 -0.16287 -0.162872 0.815055 0.815076 -0.162882 0.815062 -0.162885 0.815076 0.815067 -0.162853 0.815068 0.815067 0.815065 0.815057 0.815056 -0.162863 -0.162867 0.815076 0.815063 0.815052 0.815076 0.815074 -0.162864 0.81507 0.815058 0.815059 0.815048 0.815067 -0.162866 0.815104 0.815049 0.815063 0.815062 -0.16287 0.815068 0.815071 -0.162866 0.815069 0.815044 0.815069 -0.162874 0.815062 0.815056 0.815075 0.81509 -0.162857 0.815075 -0.162866 
0.838351 0.838362 -0.167143 0.838344 -0.167124 0.838343 0.838356 0.838342 -0.167127 0.83833 0.838348 0.838356 0.838343 0.838366 0.838353 0.838336 -0.167168 -0.16713 0.838363 0.838354 -0.167141 0.838344 -0.167154 0.838364 0.83834 -0.167152 0.838353 0.838348 0.838351 0.838338 0.838336 -0.167138 -0.167145 0.838354 0.838359 0.838335 0.838344 0.838357 -0.167138 0.838364 0.83834 0.838337 0.838342 0.83837 -0.167146 0.838387 0.838359 0.838336 0.838356 -0.167142 0.838374 0.838362 -0.167143 0.838357 0.838341 0.838337 -0.167134 0.83835 0.838358 0.838334 0.838357 -0.167155 0.838346 -0.167151 
0.663838 0.663849 -0.1327 0.663837 -0.132692 0.663841 0.663838 0.663832 -0.132688 0.663834 0.663827 0.663847 0.663834 0.663849 0.663833 0.663832 -0.1327 -0.132688 0.663842 0.663828 -0.132677 0.663842 -0.13268 0.663824 0.663837 -0.132693 0.663847 0.663834 0.663837 0.663833 0.663816 -0.132697 -0.132686 0.663852 0.663835 0.663819 0.663832 0.663845 -0.132682 0.663841 0.663825 0.663833 0.663835 0.663859 -0.132692 0.663895 0.663838 0.663811 0.663849 -0.132694 0.663838 0.66385 -0.132684 0.663847 0.663849 0.663855 -0.132688 0.663843 0.66384 0.663835 0.663852 -0.13269 0.663845 -0.13267 
0.742497 0.74249 -0.148108 0.742499 -0.148092 0.742483 0.742493 0.742499 -0.148101 0.742484 0.742473 0.74249 0.742491 0.742496 0.742492 0.742489 -0.148107 -0.148108 0.742479 0.742491 -0.148087 0.74248 -0.148114 0.742482 0.7425 -0.148113 0.7425 0.742478 0.742482 0.74249 0.742472 -0.148123 -0.148101 0.742487 0.74249 0.742475 0.742491 0.742488 -0.148103 0.742481 0.742493 0.742488 0.742481 0.742482 -0.148105 0.742526 0.742505 0.742476 0.742482 -0.148103 0.742492 0.742479 -0.14811 0.742496 0.742501 0.742498 -0.148118 0.742505 0.742491 0.742501 0.742483 -0.14811 0.74249 -0.148129 
1.13104 1.13102 -0.226035 1.13104 -0.226028 1.13104 1.13102 1.13104 -0.226036 1.13104 1.13105 1.13103 1.13104 1.13105 1.13104 1.13102 -0.22603 -0.226035 1.13104 1.13104 -0.226022 1.13102 -0.226043 1.13105 1.13105 -0.226044 1.13104 1.13104 1.13102 1.13102 1.13104 -0.226035 -0.226042 1.13104 1.13103 1.13103 1.13103 1.13106 -0.226031 1.13105 1.13102 1.13102 1.13104 1.13104 -0.22603 1.13106 1.13104 1.13103 1.13104 -0.226042 1.13103 1.13105 -0.226041 1.13103 1.13106 1.13104 -0.226027 1.13104 1.13103 1.13101 1.13102 -0.226021 1.13105 -0.226025 
1.16877 1.16877 -0.233653 1.16875 -0.233649 1.16875 1.16877 1.16875 -0.233657 1.16873 1.16877 1.16876 1.16875 1.16876 1.16876 1.16877 -0.233659 -0.233642 1.16878 1.16877 -0.233643 1.16876 -0.233656 1.16877 1.16877 -0.233649 1.16876 1.16876 1.16876 1.16876 1.16875 -0.233644 -0.233659 1.16875 1.16876 1.16875 1.16876 1.16876 -0.233658 1.16875 1.16876 1.16875 1.16873 1.16877 -0.233644 1.16878 1.16876 1.16874 1.16877 -0.233665 1.16876 1.16877 -0.233668 1.16877 1.16875 1.16875 -0.233658 1.16879 1.16875 1.16877 1.16876 -0.233645 1.16877 -0.233673 
1.19907 1.19907 -0.239541 1.19908 -0.239568 1.1991 1.19905 1.19906 -0.239558 1.19908 1.19906 1.19908 1.19906 1.19906 1.19908 1.19906 -0.239563 -0.23956 1.19908 1.19907 -0.239561 1.19906 -0.239549 1.19906 1.19908 -0.239548 1.19907 1.19907 1.19907 1.19905 1.19906 -0.23955 -0.23955 1.19906 1.19909 1.19905 1.19908 1.19906 -0.239561 1.19908 1.19907 1.19905 1.19906 1.19905 -0.239559 1.19908 1.19906 1.19904 1.19907 -0.239562 1.19906 1.19907 -0.239553 1.19908 1.19907 1.19906 -0.239564 1.19906 1.19908 1.19907 1.19908 -0.239558 1.19907 -0.239571 
0.710286 0.710298 -0.141999 0.710286 -0.141988 0.710286 0.71029 0.710285 -0.141986 0.710292 0.710298 0.710273 0.710293 0.710289 0.710297 0.710279 -0.141983 -0.141981 0.710306 0.710293 -0.141983 0.710294 -0.141986 0.710268 0.710287 -0.14197 0.710296 0.710285 0.710298 0.710277 0.710284 -0.141997 -0.141981 0.710281 0.710298 0.710289 0.71028 0.710296 -0.141983 0.71029 0.710279 0.710277 0.710271 0.710293 -0.141989 0.710302 0.710295 0.710282 0.710296 -0.141979 0.710295 0.710306 -0.141989 0.710293 0.7103 0.710277 -0.141992 0.710288 0.710282 0.710291 0.710299 -0.141985 0.71029 -0.141989 
0.848318 0.848325 -0.169156 0.848311 -0.169151 0.848327 0.848321 0.848298 -0.16914 0.84831 0.848317 0.848312 0.848321 0.848314 0.84833 0.848326 -0.169169 -0.169151 0.84831 0.84832 -0.16916 0.848321 -0.16914 0.848321 0.848328 -0.169148 0.848316 0.848318 0.848318 0.848307 0.848308 -0.169163 -0.169149 0.848316 0.848312 0.848305 0.848296 0.848318 -0.169145 0.848312 0.848309 0.848308 0.848299 0.848319 -0.169144 0.848309 0.848324 0.848298 0.848326 -0.169138 0.848316 0.848319 -0.169149 0.848323 0.848324 0.848324 -0.169151 0.848316 0.848313 0.848303 0.848326 -0.169148 0.848314 -0.169157 
0.457099 0.457091 -0.0912016 0.457079 -0.0911916 0.457106 0.457093 0.457077 -0.0911775 0.45708 0.457089 0.457097 0.45709 0.457103 0.457115 0.457083 -0.0911944 -0.091174 0.457104 0.457089 -0.0911978 0.457078 -0.0911823 0.457092 0.457096 -0.0911957 0.457094 0.45709 0.457075 0.457081 0.45708 -0.0911904 -0.0911973 0.457082 0.4571 0.45708 0.457073 0.45712 -0.0911864 0.457089 0.457086 0.457072 0.457071 0.457097 -0.0911951 0.457108 0.457092 0.457061 0.457084 -0.0911993 0.457095 0.45709 -0.0911696 0.457097 0.457094 0.457087 -0.0911761 0.457079 0.45708 0.457095 0.457084 -0.0911872 0.457097 -0.0911829 
0.903252 0.903256 -0.180101 0.903254 -0.180083 0.903249 0.903252 0.903235 -0.180114 0.903247 0.903237 0.903253 0.903254 0.903247 0.903252 0.903248 -0.180105 -0.180112 0.903247 0.903257 -0.180093 0.903247 -0.180103 0.903256 0.903254 -0.180102 0.90325 0.903251 0.903258 0.903265 0.903242 -0.180112 -0.180103 0.90325 0.90327 0.903229 0.903246 0.903241 -0.180084 0.903249 0.903264 0.903247 0.90326 0.903257 -0.18012 0.903277 0.90324 0.903232 0.903248 -0.180104 0.903247 0.903248 -0.18011 0.903264 0.903248 0.903253 -0.180117 0.90325 0.903258 0.903265 0.903243 -0.180127 0.903247 -0.1801 
0.64223 0.642225 -0.128196 0.642227 -0.128199 0.642233 0.642234 0.642221 -0.128188 0.642221 0.642228 0.642238 0.642236 0.642216 0.642212 0.642213 -0.128206 -0.128198 0.642226 0.642247 -0.128195 0.642244 -0.128192 0.642209 0.642237 -0.128208 0.64223 0.642211 0.642221 0.642225 0.642216 -0.128205 -0.128202 0.642237 0.642231 0.642224 0.642217 0.642227 -0.128187 0.642244 0.642233 0.642206 0.642214 0.642223 -0.128202 0.642255 0.642238 0.642202 0.642228 -0.128201 0.642215 0.642226 -0.12821 0.642219 0.642226 0.642236 -0.128201 0.642231 0.642214 0.642223 0.642242 -0.128186 0.642238 -0.128193 
0.570614 0.570585 -0.114025 0.570589 -0.114037 0.570603 0.570612 0.570597 -0.11402 0.570581 0.570588 0.570583 0.570603 0.570585 0.570604 0.570603 -0.114034 -0.114039 0.570604 0.570588 -0.114024 0.570604 -0.114034 0.570604 0.570611 -0.114042 0.57059 0.570599 0.570607 0.570588 0.570597 -0.114041 -0.114037 0.570612 0.570597 0.570589 0.570597 0.570605 -0.114033 0.570579 0.570586 0.570589 0.570585 0.570623 -0.114032 0.570616 0.570603 0.57058 0.570597 -0.114047 0.570609 0.5706 -0.114028 0.570598 0.570599 0.5706 -0.114046 0.570594 0.570586 0.57059 0.570592 -0.114033 0.570609 -0.114032 
0.484913 0.484938 -0.0964724 0.484919 -0.0964781 0.484918 0.484904 0.484919 -0.0964771 0.484907 0.484931 0.484927 0.484915 0.48492 0.484909 0.484909 -0.0964593 -0.0964553 0.484923 0.484936 -0.0964652 0.484931 -0.096458 0.484918 0.484934 -0.0964501 0.484929 0.484928 0.484915 0.484896 0.484919 -0.0964733 -0.0964654 0.484926 0.484918 0.484923 0.484917 0.484913 -0.0964863 0.48493 0.484926 0.4849 0.48491 0.484924 -0.0964798 0.484932 0.484941 0.484917 0.484928 -0.0964727 0.484916 0.484927 -0.0964659 0.484925 0.48493 0.484934 -0.0964723 0.484917 0.484918 0.484929 0.484932 -0.0964685 0.484944 -0.0964781 
0.521502 0.521501 -0.103842 0.521494 -0.103861 0.52151 0.521524 0.521501 -0.103858 0.521502 0.521483 0.521499 0.521502 0.521519 0.521517 0.521486 -0.103863 -0.103861 0.521498 0.521517 -0.103847 0.521507 -0.103851 0.521519 0.521502 -0.103872 0.521508 0.521505 0.521509 0.521501 0.52152 -0.103863 -0.103851 0.521502 0.521511 0.521514 0.521504 0.521508 -0.103867 0.521503 0.521501 0.521491 0.521502 0.521515 -0.103856 0.521517 0.521502 0.521488 0.5215 -0.103849 0.521513 0.5215 -0.10385 0.521498 0.521517 0.521512 -0.103853 0.521497 0.521496 0.521504 0.5215 -0.103861 0.521514 -0.103866 
0.75332 0.753328 -0.150307 0.75331 -0.150292 0.753313 0.753302 0.753306 -0.150297 0.753325 0.753324 0.753315 0.753319 0.75331 0.753332 0.753292 -0.15028 -0.150309 0.753319 0.753315 -0.150281 0.753306 -0.150311 0.753303 0.753321 -0.150289 0.753319 0.753321 0.753314 0.753314 0.753303 -0.150298 -0.150316 0.753295 0.753332 0.753314 0.753321 0.753305 -0.15031 0.753314 0.753326 0.753298 0.753319 0.753313 -0.150318 0.753317 0.753301 0.75329 0.753298 -0.150307 0.753318 0.75331 -0.150318 0.753319 0.753309 0.75332 -0.150299 0.753309 0.753312 0.753305 0.753305 -0.150301 0.753313 -0.150298 
0.368367 0.368366 -0.0738977 0.368361 -0.0738909 0.368348 0.368337 0.368335 -0.0739189 0.368346 0.368337 0.368351 0.368349 0.368343 0.368349 0.368329 -0.0738938 -0.0739048 0.36836 0.368354 -0.0739078 0.368349 -0.0738963 0.368358 0.368364 -0.0738996 0.368345 0.368358 0.368355 0.368344 0.368351 -0.0738989 -0.0739001 0.368363 0.368365 0.368369 0.368346 0.368337 -0.0738966 0.36836 0.36835 0.368339 0.368361 0.368354 -0.0739159 0.368317 0.368351 0.368333 0.368344 -0.0739186 0.368375 0.368367 -0.0739079 0.368361 0.368358 0.36836 -0.0739129 0.368358 0.368357 0.368344 0.368344 -0.0738966 0.368357 -0.0738934 
0.439023 0.439022 -0.0876715 0.439019 -0.0876692 0.439016 0.439026 0.439004 -0.0876684 0.439017 0.439016 0.439012 0.439011 0.439004 0.439023 0.439028 -0.0876799 -0.0876624 0.439028 0.439015 -0.087678 0.439024 -0.0876741 0.439024 0.439026 -0.0876845 0.43902 0.439011 0.439021 0.439026 0.43901 -0.0876614 -0.087661 0.439018 0.439007 0.439018 0.439001 0.43901 -0.0876715 0.439022 0.439011 0.43901 0.439009 0.439024 -0.0876636 0.438977 0.439022 0.439021 0.439022 -0.0876683 0.439016 0.439018 -0.0876698 0.439011 0.439018 0.439023 -0.0876652 0.439026 0.439018 0.439032 0.439023 -0.087666 0.439029 -0.0876736 
0.359519 0.359529 -0.0703801 0.359526 -0.0703819 0.359521 0.359511 0.359502 -0.0703872 0.359527 0.359507 0.359521 0.359517 0.359517 0.359507 0.35952 -0.0703793 -0.0703671 0.359532 0.359508 -0.0703741 0.359529 -0.0703666 0.359512 0.359512 -0.0703863 0.359516 0.35952 0.35952 0.359524 0.359508 -0.0703943 -0.0703911 0.359508 0.35951 0.359525 0.359526 0.359522 -0.0703765 0.35953 0.359527 0.359504 0.359526 0.359513 -0.0703718 0.359461 0.359529 0.359514 0.359535 -0.0703817 0.359521 0.359519 -0.0703804 0.359524 0.359524 0.359516 -0.0703724 0.359513 0.35952 0.359515 0.359528 -0.0703777 0.359519 -0.0703881 
0.374549 0.374581 -0.0755928 0.374562 -0.075598 0.37456 0.374543 0.374544 -0.0755992 0.374562 0.374545 0.37456 0.374543 0.37456 0.374563 0.374547 -0.0756015 -0.0755849 0.374566 0.374552 -0.0755836 0.374556 -0.075616 0.374547 0.37455 -0.0756098 0.374562 0.374553 0.374552 0.374553 0.37456 -0.0755889 -0.0756093 0.374572 0.374559 0.374543 0.374563 0.374549 -0.0755903 0.374557 0.374549 0.374555 0.374545 0.374552 -0.07559 0.374505 0.374553 0.374532 0.374581 -0.0756014 0.374565 0.374543 -0.0755976 0.374559 0.374565 0.374569 -0.0755987 0.374566 0.374567 0.374569 0.374556 -0.0755966 0.374557 -0.0755947 
0.504921 0.504931 -0.101029 0.504917 -0.101032 0.504905 0.504929 0.504915 -0.101029 0.5049 0.504915 0.504898 0.504923 0.504909 0.504908 0.504928 -0.101011 -0.101033 0.504909 0.50491 -0.101034 0.504911 -0.101031 0.50491 0.504903 -0.10104 0.50492 0.50491 0.504909 0.504924 0.504906 -0.101024 -0.101026 0.504911 0.504916 0.50493 0.504923 0.504919 -0.10102 0.504916 0.504921 0.504911 0.504912 0.504907 -0.101021 0.504876 0.504918 0.504907 0.504914 -0.101061 0.504897 0.504905 -0.101045 0.50492 0.504926 0.504907 -0.101025 0.504915 0.504901 0.504905 0.50491 -0.101031 0.504913 -0.101036 
0.405038 0.405041 -0.0801037 0.405035 -0.0800934 0.405051 0.405046 0.405045 -0.0801167 0.405027 0.405036 0.40506 0.405037 0.405038 0.40505 0.405039 -0.0801029 -0.0800941 0.405039 0.405037 -0.0800972 0.405034 -0.0800957 0.405056 0.405051 -0.0801237 0.405066 0.405042 0.405039 0.405047 0.405037 -0.0801105 -0.0801104 0.405056 0.40504 0.405052 0.405047 0.405037 -0.0800946 0.405047 0.405038 0.40505 0.405022 0.405071 -0.080109 0.404989 0.405036 0.405031 0.405054 -0.0801136 0.405044 0.405043 -0.0800977 0.40506 0.40505 0.405057 -0.0801069 0.405064 0.405029 0.405057 0.405035 -0.0801122 0.405057 -0.0801229 
0.361393 0.361378 -0.0715417 0.361366 -0.0715287 0.361373 0.361379 0.361375 -0.0715367 0.361377 0.361377 0.361381 0.361382 0.361392 0.361391 0.361381 -0.0715382 -0.0715378 0.361399 0.361382 -0.0715317 0.361379 -0.0715279 0.361369 0.361381 -0.071552 0.361371 0.36137 0.361354 0.361362 0.361371 -0.0715408 -0.0715272 0.361392 0.361391 0.361391 0.361405 0.361383 -0.0715321 0.361386 0.361378 0.361377 0.361368 0.361377 -0.0715377 0.361313 0.361381 0.361361 0.361384 -0.0715558 0.361387 0.361394 -0.0715538 0.361368 0.361373 0.36137 -0.0715457 0.361379 0.361374 0.361385 0.361368 -0.071546 0.361373 -0.0715324 
0.366051 0.366061 -0.0730389 0.366048 -0.0730401 0.366047 0.366046 0.366035 -0.0730362 0.366037 0.366041 0.366048 0.366042 0.366071 0.366048 0.366055 -0.0730368 -0.0730445 0.366058 0.366049 -0.0730315 0.366045 -0.0730702 0.366043 0.366042 -0.0730458 0.366052 0.366028 0.36603 0.366024 0.366032 -0.0730578 -0.0730448 0.366048 0.366053 0.36603 0.366026 0.366044 -0.073036 0.366047 0.366041 0.366034 0.366034 0.366043 -0.0730372 0.365991 0.366044 0.366034 0.366055 -0.0730408 0.366049 0.366042 -0.0730463 0.366052 0.366054 0.36604 -0.0730458 0.366029 0.366035 0.366049 0.36604 -0.0730438 0.366046 -0.0730471 
0.408639 0.408654 -0.0819734 0.408652 -0.0819935 0.408648 0.408646 0.408643 -0.0819533 0.408646 0.408641 0.408638 0.408655 0.408639 0.408643 0.40864 -0.0819634 -0.0819789 0.408641 0.408651 -0.0819756 0.40865 -0.081982 0.408638 0.408632 -0.0819667 0.408652 0.408649 0.408634 0.408652 0.408658 -0.081974 -0.0819857 0.408654 0.408651 0.40865 0.408644 0.408653 -0.0819767 0.408648 0.408638 0.408651 0.408647 0.408657 -0.0819852 0.408603 0.408652 0.408643 0.408654 -0.0819765 0.408643 0.408637 -0.0819725 0.40865 0.408636 0.408654 -0.0819846 0.408636 0.40865 0.408642 0.408658 -0.0819745 0.40864 -0.0819855 
0.414088 0.414097 -0.0822087 0.41409 -0.0821915 0.41408 0.414088 0.414089 -0.0821973 0.414079 0.414082 0.414077 0.414075 0.414092 0.414091 0.414093 -0.0821881 -0.0821931 0.414099 0.41409 -0.0821886 0.414083 -0.0821847 0.414093 0.414077 -0.0821908 0.4141 0.414083 0.414082 0.41406 0.414083 -0.0821945 -0.0821796 0.414089 0.414091 0.414097 0.414089 0.414095 -0.0821964 0.414094 0.414098 0.414082 0.414091 0.414107 -0.0821968 0.414024 0.414099 0.414075 0.41408 -0.0821932 0.414104 0.414094 -0.0821854 0.41411 0.414083 0.414086 -0.0821811 0.414085 0.414087 0.414078 0.414084 -0.0821915 0.414087 -0.0821868 
0.376057 0.376046 -0.0745863 0.37604 -0.074594 0.376049 0.376046 0.376053 -0.0745948 0.376046 0.376064 0.37605 0.376055 0.376052 0.37605 0.376038 -0.0745921 -0.0745915 0.376046 0.376043 -0.0745999 0.376064 -0.0745894 0.376052 0.376051 -0.0746022 0.37605 0.376051 0.376055 0.376062 0.376047 -0.0745979 -0.0745787 0.376052 0.376059 0.376031 0.376043 0.376061 -0.0746001 0.376039 0.376031 0.376043 0.37602 0.376046 -0.0746003 0.376003 0.376038 0.376022 0.376037 -0.0745801 0.376024 0.376037 -0.0745955 0.376062 0.376042 0.376049 -0.0746003 0.376046 0.37604 0.376035 0.376056 -0.0746111 0.376057 -0.0745989 
0.567336 0.567352 -0.112264 0.567357 -0.112277 0.567354 0.567356 0.567344 -0.112282 0.567361 0.567338 0.567356 0.567359 0.567345 0.567333 0.56735 -0.112296 -0.112292 0.567337 0.567356 -0.112287 0.567346 -0.112264 0.567344 0.567358 -0.112263 0.567354 0.567335 0.567341 0.567358 0.567358 -0.112273 -0.112271 0.567348 0.567348 0.567352 0.567352 0.567353 -0.11227 0.567339 0.567344 0.567368 0.567351 0.567344 -0.112284 0.56731 0.567358 0.56735 0.567348 -0.112284 0.567353 0.567351 -0.112288 0.567355 0.567337 0.567344 -0.112279 0.567345 0.567354 0.56735 0.567334 -0.112285 0.567342 -0.112276 
0.358454 0.358463 -0.0714403 0.358445 -0.0714748 0.358462 0.358438 0.358426 -0.0714509 0.358434 0.358439 0.358464 0.358453 0.358448 0.358452 0.358442 -0.0714472 -0.0714585 0.358462 0.358452 -0.0714595 0.358441 -0.0714415 0.358464 0.358456 -0.0714478 0.35845 0.35845 0.358428 0.358442 0.358422 -0.071441 -0.0714444 0.358456 0.358462 0.358453 0.35846 0.358449 -0.0714578 0.358446 0.358462 0.358443 0.358434 0.358445 -0.071451 0.358389 0.358465 0.358438 0.358448 -0.0714562 0.358455 0.358458 -0.071452 0.35845 0.358454 0.358454 -0.0714515 0.358453 0.358447 0.358461 0.358448 -0.0714553 0.358452 -0.0714475 
0.322172 0.322166 -0.0646752 0.322165 -0.0646789 0.322169 0.322173 0.322179 -0.0646898 0.322165 0.322162 0.322181 0.32218 0.322171 0.322169 0.322155 -0.0646765 -0.0647037 0.322166 0.322169 -0.0646918 0.322174 -0.0646968 0.322165 0.322163 -0.0647008 0.322165 0.322166 0.322149 0.322173 0.322152 -0.064679 -0.0646896 0.322169 0.322172 0.322181 0.322171 0.322172 -0.0646908 0.322198 0.322163 0.322159 0.322174 0.322168 -0.0646989 0.322112 0.322163 0.322187 0.322167 -0.0646879 0.322169 0.322176 -0.0646924 0.322174 0.32215 0.32217 -0.0646827 0.322158 0.322171 0.322161 0.322168 -0.0646775 0.322144 -0.0646806 
0.656376 0.656373 -0.131139 0.656383 -0.131126 0.656367 0.656394 0.656394 -0.131149 0.656375 0.656391 0.656382 0.656383 0.656389 0.656374 0.656389 -0.131143 -0.131142 0.656369 0.656386 -0.131142 0.656368 -0.131141 0.656393 0.656405 -0.131144 0.656387 0.656398 0.656394 0.656389 0.656383 -0.131127 -0.131141 0.656385 0.656406 0.656382 0.656388 0.65639 -0.131131 0.65638 0.656395 0.656394 0.656382 0.656384 -0.131136 0.656363 0.656376 0.656387 0.656396 -0.131135 0.656387 0.656389 -0.13115 0.656392 0.656377 0.656406 -0.131149 0.656388 0.656402 0.656378 0.656394 -0.131144 0.65638 -0.131135 
0.0972834 0.0972796 -0.0193286 0.0972856 -0.0193593 0.0972931 0.0972778 0.0972778 -0.0193428 0.0972802 0.0972926 0.0972779 0.0972865 0.0972863 0.097272 0.0972733 -0.0193465 -0.0193541 0.0972771 0.097274 -0.0193483 0.0972881 -0.0193402 0.0972728 0.0972826 -0.0193428 0.0972848 0.0972795 0.0972777 0.0972896 0.0972762 -0.0193561 -0.0193481 0.0973065 0.0972884 0.0972775 0.0972719 0.0972995 -0.0193438 0.0973042 0.0972789 0.0972917 0.0972782 0.0972868 -0.0193347 0.097266 0.0972992 0.0972661 0.0972977 -0.0193371 0.0972734 0.0972819 -0.0193416 0.0972751 0.0972946 0.0972943 -0.0193446 0.0972886 0.0972744 0.0972744 0.0972797 -0.0193502 0.097279 -0.0193467 
1.91004 1.91004 -0.560228 1.91004 -0.560214 1.91004 1.91004 1.91004 -0.560224 1.91004 1.91004 1.91005 1.91004 1.91005 1.91004 1.91004 -0.560218 -0.56022 1.91005 1.91005 -0.560217 1.91004 -0.560229 1.91005 1.91005 -0.560215 1.91004 1.91004 1.91004 1.91004 1.91004 -0.560216 -0.560223 1.91004 1.91004 1.91004 1.91004 1.91005 -0.560225 1.91004 1.91004 1.91004 1.91004 1.91005 -0.560215 1.91004 1.91004 1.91004 1.91004 -0.560215 1.91005 1.91005 -0.56022 1.91005 1.91005 1.91004 -0.560223 1.91004 1.91004 1.91004 1.91004 -0.56022 1.91004 -0.560222 
-1.42582 
-1.42582 
1.33899 
-1.42582 
1.3391 
-1.42582 
-1.42582 
-1.42581 
1.33884 
-1.42581 
-1.42582 
-1.42583 
-1.42581 
-1.42583 
-1.42583 
-1.42581 
1.33911 
1.33888 
-1.42583 
-1.42583 
1.33901 
-1.42582 
1.33893 
-1.42583 
-1.42583 
1.33887 
-1.42583 
-1.42582 
-1.42582 
-1.42581 
-1.42581 
1.33916 
1.339 
-1.42582 
-1.42583 
-1.42581 
-1.42582 
-1.42583 
1.33907 
-1.42583 
-1.42581 
-1.42581 
-1.42581 
-1.42583 
1.33895 
-1.42576 
-1.42582 
-1.42579 
-1.42582 
1.33883 
-1.42583 
-1.42583 
1.33889 
-1.42583 
-1.42583 
-1.42582 
1.33892 
-1.42582 
-1.42581 
-1.42582 
-1.42582 
1.33896 
-1.42583 
1.33901 
-1.88454 

# Training State Metadata
FILENAME tetris_model_best.txt
EPSILON 0.05
EPSILON_MIN 0.05
EPSILON_DECAY 0.995
LEARNING_RATE 0.002
GAMMA 0.99
TRAINING_EPISODES 31919
TOTAL_GAMES 783
BEST_SCORE 14706
AVERAGE_SCORE 2183.98
PREVIOUS_AVG_SCORE 2179.16
