# Neural Network Model File
# Saved: 2025-12-04 13:43:14
# Filename: tetris_model.txt
#
0.0634846 0.0634919 0.0277869 0.0634806 0.0277938 0.0634798 0.0634863 0.0634846 0.0277972 0.0634926 0.0634823 0.0634775 0.0634926 0.0634856 0.0634863 0.0634757 0.0277998 0.0278017 0.0634823 0.0634735 0.0277983 0.0634814 0.0277913 0.0634839 0.0634848 0.0277971 0.0634798 0.0634871 0.0634887 0.0634894 0.0634902 0.0277955 0.0277995 0.0634822 0.0634782 0.0634886 0.0634879 0.0634823 0.0277933 0.0634766 0.0634966 0.0635144 0.0634951 0.0634735 0.0277928 0.0634986 0.0634984 0.063503 0.0634919 0.0277955 0.0634872 0.0634822 0.027794 0.0634823 0.0634758 0.0634895 0.0277908 0.0634879 0.0634934 0.063483 0.0634839 0.0277967 0.063475 0.0277886 
0.112688 0.11269 -0.0152721 0.112694 -0.0152603 0.112689 0.112691 0.112683 -0.0152543 0.112689 0.112682 0.112695 0.112683 0.112681 0.112685 0.112683 -0.0152696 -0.0152705 0.11268 0.112692 -0.0152685 0.112691 -0.015267 0.112689 0.112688 -0.0152712 0.112675 0.11269 0.112697 0.112694 0.112679 -0.0152802 -0.0152662 0.11269 0.112686 0.112686 0.11269 0.112689 -0.0152716 0.112683 0.112679 0.112682 0.112687 0.112682 -0.0152693 0.112699 0.112687 0.112684 0.112697 -0.0152667 0.112696 0.112681 -0.0152627 0.112681 0.112681 0.112677 -0.0152643 0.112688 0.112699 0.112693 0.112684 -0.0152631 0.112701 -0.0152728 
-0.0493159 -0.0493135 0.0122581 -0.0493239 0.0122623 -0.0493159 -0.0493287 -0.0493145 0.012262 -0.0493113 -0.0493319 -0.0493261 -0.0493024 -0.0493228 -0.0493231 -0.0493419 0.0122573 0.0122544 -0.049318 -0.049318 0.0122573 -0.049315 0.0122534 -0.0493253 -0.0493253 0.0122507 -0.0493248 -0.0493239 -0.0493053 -0.0493153 -0.0493145 0.0122557 0.0122526 -0.0493199 -0.0493199 -0.0493097 -0.0493239 -0.0493228 0.0122573 -0.0493175 -0.0493202 -0.0493161 -0.0493177 -0.0493188 0.0122582 -0.0492891 -0.0493102 -0.0493212 -0.0493255 0.0122464 -0.0493172 -0.0493191 0.0122544 -0.0493188 -0.0493167 -0.0493175 0.0122573 -0.0493272 -0.0493153 -0.0493111 -0.0493223 0.012251 -0.0493304 0.0122403 
0.227684 0.2277 -0.0449405 0.227683 -0.0449427 0.227688 0.227677 0.22768 -0.0449474 0.227685 0.227688 0.2277 0.227683 0.227694 0.227677 0.227685 -0.0449435 -0.0449413 0.227697 0.227699 -0.0449313 0.227694 -0.0449512 0.227683 0.227695 -0.0449467 0.227694 0.227706 0.227684 0.227702 0.227677 -0.0449534 -0.0449481 0.227682 0.227688 0.227683 0.227685 0.227694 -0.0449549 0.227693 0.227681 0.227676 0.227686 0.2277 -0.0449321 0.227714 0.227673 0.227674 0.227691 -0.0449497 0.227684 0.227695 -0.0449497 0.2277 0.227702 0.22769 -0.044955 0.227696 0.227688 0.227694 0.227688 -0.0449305 0.227687 -0.0449381 
-0.132185 -0.132182 0.00111015 -0.13219 0.00111773 -0.132174 -0.132176 -0.132179 0.00112295 -0.13218 -0.132174 -0.132174 -0.132194 -0.132178 -0.132181 -0.132184 0.00112249 0.00111857 -0.132189 -0.132183 0.00111383 -0.132177 0.00110898 -0.132172 -0.13219 0.00111979 -0.132177 -0.132183 -0.13219 -0.132185 -0.132188 0.00111281 0.00111867 -0.132182 -0.132184 -0.132186 -0.13218 -0.132181 0.00111615 -0.132175 -0.132183 -0.132189 -0.132177 -0.132182 0.00111636 -0.13217 -0.132174 -0.132179 -0.13218 0.00111401 -0.132178 -0.132177 0.00110738 -0.13217 -0.132185 -0.132177 0.00111873 -0.132188 -0.13218 -0.132182 -0.132172 0.00111725 -0.132178 0.0011153 
0.193085 0.193079 -0.0499661 0.19309 -0.0499684 0.193089 0.193087 0.193082 -0.0499686 0.193095 0.193088 0.193095 0.193084 0.193086 0.193092 0.19308 -0.0499797 -0.0499903 0.19309 0.193082 -0.0499919 0.193091 -0.0499814 0.193071 0.193086 -0.049971 0.19308 0.193092 0.193092 0.193087 0.193071 -0.0499886 -0.0499766 0.193092 0.193089 0.193078 0.193089 0.193083 -0.0499838 0.193092 0.193085 0.193073 0.193091 0.193092 -0.0499879 0.193098 0.193089 0.193075 0.193085 -0.0499815 0.193099 0.193088 -0.0499702 0.193082 0.193078 0.193084 -0.0499863 0.193084 0.193089 0.193089 0.193084 -0.0499862 0.193089 -0.049979 
0.106341 0.106343 -0.0288508 0.106335 -0.0288537 0.106351 0.106342 0.106342 -0.0288424 0.106348 0.106347 0.106347 0.106347 0.106362 0.106352 0.10635 -0.0288505 -0.0288386 0.106344 0.106352 -0.0288318 0.106345 -0.0288501 0.106341 0.106344 -0.0288443 0.106345 0.10634 0.106341 0.106342 0.106347 -0.0288465 -0.0288478 0.106351 0.106356 0.106339 0.106339 0.106349 -0.0288399 0.106346 0.106352 0.106356 0.106345 0.106354 -0.0288436 0.106345 0.106343 0.106349 0.106347 -0.0288514 0.106342 0.106343 -0.0288495 0.10635 0.10635 0.106356 -0.0288391 0.106347 0.10635 0.106348 0.106347 -0.0288474 0.106343 -0.0288495 
0.0736757 0.0736902 -0.0539978 0.0736846 -0.0540019 0.0736814 0.0736846 0.0736708 -0.054009 0.0736692 0.073679 0.0736807 0.0736837 0.0736799 0.0736878 0.0736902 -0.0540012 -0.0540049 0.0736791 0.0736912 -0.0540048 0.073675 -0.0540131 0.0736799 0.0736823 -0.0540045 0.0736798 0.0736774 0.073675 0.0736781 0.0736741 -0.0540041 -0.0539991 0.073687 0.073683 0.0736692 0.0736741 0.073675 -0.0540093 0.0736774 0.0736781 0.0736813 0.0736781 0.0736678 -0.0540049 0.073689 0.0736814 0.0736845 0.0736798 -0.0540029 0.0736791 0.0736854 -0.0540021 0.0736734 0.0736878 0.0736717 -0.0540084 0.0736902 0.0736789 0.0736733 0.0736798 -0.0540165 0.0736822 -0.0540151 
0.0659326 0.065927 -0.0102109 0.0659366 -0.0102097 0.0659213 0.0659254 0.0659205 -0.0102046 0.0659229 0.0659133 0.0659198 0.0659213 0.0659246 0.0659213 0.0659463 -0.0102113 -0.010221 0.0659254 0.0659214 -0.0102174 0.0659238 -0.0102152 0.0659359 0.0659238 -0.0102155 0.0659302 0.0659149 0.0659238 0.0659116 0.0659278 -0.010214 -0.0102153 0.0659165 0.065931 0.0659261 0.0659213 0.0659262 -0.0102145 0.0659358 0.065914 0.0659189 0.0659213 0.0659181 -0.0102224 0.0659405 0.0659189 0.0659205 0.0659326 -0.0102081 0.0659278 0.0659399 -0.010217 0.0659399 0.0659326 0.0659286 -0.010213 0.0659092 0.0659221 0.0659213 0.0659254 -0.0102117 0.0659173 -0.0102089 
-0.0125862 -0.0125814 0.00845069 -0.0125926 0.00846754 -0.0125789 -0.0125991 -0.0126 0.008458 -0.0125992 -0.0125878 -0.0125942 -0.0125887 -0.012582 -0.0125983 -0.0125855 0.00846271 0.00845718 -0.012603 -0.0125917 0.00846839 -0.012595 0.00845153 -0.0125909 -0.0125998 0.00846282 -0.0125967 -0.0125967 -0.0125966 -0.0125976 -0.0125992 0.00845786 0.00847001 -0.0125967 -0.012587 -0.0125863 -0.0126039 -0.0125909 0.00845468 -0.0125959 -0.0125944 -0.0126032 -0.0125951 -0.0125982 0.00847326 -0.0125996 -0.0125894 -0.0125823 -0.0125854 0.00846285 -0.0125845 -0.0125926 0.00846524 -0.0125837 -0.012591 -0.0125935 0.00846362 -0.0125886 -0.0125919 -0.0125999 -0.0125902 0.00845875 -0.0125894 0.00846438 
0.100158 0.100158 -0.425465 0.100158 -0.425453 0.100158 0.100158 0.100158 -0.42546 0.100158 0.100158 0.100158 0.100158 0.100158 0.100158 0.100158 -0.425461 -0.425447 0.100158 0.100158 -0.425447 0.100158 -0.42545 0.100158 0.100158 -0.425456 0.100158 0.100158 0.100158 0.100158 0.100158 -0.425459 -0.425452 0.100158 0.100158 0.100158 0.100158 0.100158 -0.425458 0.100158 0.100158 0.100158 0.100158 0.100158 -0.425456 0.100158 0.100158 0.100158 0.100158 -0.425448 0.100158 0.100158 -0.425461 0.100158 0.100158 0.100158 -0.425456 0.100158 0.100158 0.100158 0.100158 -0.425451 0.100158 -0.425459 
0.23687 0.23687 -0.098051 0.23687 -0.0980502 0.23687 0.23687 0.23687 -0.0980445 0.23687 0.23687 0.23687 0.23687 0.23687 0.23687 0.23687 -0.0980453 -0.0980461 0.23687 0.23687 -0.0980558 0.23687 -0.0980614 0.23687 0.23687 -0.0980405 0.23687 0.23687 0.23687 0.23687 0.23687 -0.0980493 -0.0980453 0.23687 0.23687 0.23687 0.23687 0.23687 -0.0980614 0.23687 0.23687 0.23687 0.23687 0.23687 -0.0980502 0.23687 0.23687 0.23687 0.23687 -0.0980558 0.23687 0.23687 -0.098055 0.23687 0.23687 0.23687 -0.0980566 0.23687 0.23687 0.23687 0.23687 -0.0980639 0.23687 -0.0980534 
0.117532 0.117532 -0.27681 0.117532 -0.276804 0.117532 0.117532 0.117532 -0.276821 0.117532 0.117532 0.117532 0.117532 0.117532 0.117532 0.117532 -0.276803 -0.276822 0.117532 0.117532 -0.276814 0.117532 -0.276814 0.117532 0.117532 -0.276808 0.117532 0.117532 0.117532 0.117532 0.117532 -0.276815 -0.276811 0.117532 0.117532 0.117532 0.117532 0.117532 -0.276823 0.117532 0.117532 0.117532 0.117532 0.117532 -0.276806 0.117532 0.117532 0.117532 0.117532 -0.276818 0.117532 0.117532 -0.276814 0.117532 0.117532 0.117532 -0.276811 0.117532 0.117532 0.117532 0.117532 -0.276808 0.117532 -0.276823 
1.54899 1.54899 -0.30856 1.54899 -0.308565 1.54899 1.54899 1.54898 -0.308556 1.54899 1.54898 1.54899 1.54899 1.54899 1.54899 1.54899 -0.308572 -0.308567 1.549 1.54899 -0.308562 1.54898 -0.308568 1.54898 1.54899 -0.308568 1.54898 1.549 1.54899 1.54898 1.54899 -0.308573 -0.308564 1.54899 1.54899 1.54899 1.54899 1.54899 -0.308566 1.54899 1.54899 1.54899 1.54899 1.54899 -0.308568 1.549 1.54899 1.54897 1.54899 -0.308564 1.54899 1.54898 -0.308557 1.54899 1.54899 1.54899 -0.308564 1.54899 1.54899 1.54898 1.54899 -0.308554 1.54898 -0.308563 
0.428228 0.428228 -0.0852951 0.428228 -0.0852854 0.428228 0.428228 0.42822 -0.0852799 0.42822 0.42822 0.428228 0.428212 0.428228 0.428236 0.428212 -0.0852846 -0.0852847 0.428228 0.428228 -0.0852798 0.42822 -0.0852903 0.42822 0.428228 -0.0852807 0.428228 0.428228 0.428228 0.428228 0.42822 -0.0852902 -0.085279 0.428228 0.428228 0.42822 0.428228 0.428236 -0.0852838 0.428228 0.428228 0.428212 0.428228 0.428228 -0.0852887 0.428268 0.42822 0.42822 0.428228 -0.0852839 0.428228 0.42822 -0.0852863 0.42822 0.428228 0.428228 -0.0852871 0.42822 0.428228 0.42822 0.428228 -0.0852951 0.42822 -0.0852814 
0.629272 0.62928 -0.126201 0.629275 -0.126215 0.629284 0.629277 0.629285 -0.126212 0.629276 0.629272 0.62928 0.629275 0.629284 0.62928 0.629272 -0.126212 -0.126199 0.629271 0.62928 -0.126208 0.629278 -0.1262 0.62928 0.629281 -0.126216 0.629269 0.629287 0.629275 0.629278 0.629279 -0.126205 -0.126208 0.629284 0.629274 0.62928 0.629272 0.629276 -0.126205 0.62927 0.629275 0.629281 0.629274 0.629273 -0.12621 0.629294 0.629287 0.629254 0.62927 -0.126205 0.629276 0.62928 -0.126212 0.629286 0.629269 0.629288 -0.126224 0.629267 0.629274 0.62928 0.629278 -0.126218 0.629278 -0.126216 
-0.413391 -0.413391 0.0825883 -0.413391 0.0825882 -0.413375 -0.413391 -0.413399 0.0825916 -0.413383 -0.413375 -0.413383 -0.413383 -0.413407 -0.413383 -0.413375 0.0825995 0.0826036 -0.413375 -0.413391 0.0826036 -0.413391 0.0826012 -0.413383 -0.413391 0.0825883 -0.413391 -0.413383 -0.413391 -0.413383 -0.413391 0.0825882 0.082602 -0.413391 -0.413391 -0.413375 -0.413391 -0.413375 0.0826044 -0.413391 -0.413383 -0.413391 -0.413391 -0.413391 0.0826036 -0.413351 -0.413383 -0.413391 -0.413383 0.0825988 -0.413391 -0.413375 0.0825988 -0.413383 -0.413383 -0.413383 0.0825915 -0.413383 -0.413391 -0.413383 -0.413383 0.0825907 -0.413391 0.0825979 
-0.352856 -0.352864 0.0717069 -0.352864 0.0717078 -0.352864 -0.352872 -0.35288 0.0717092 -0.352872 -0.352848 -0.352864 -0.352864 -0.352864 -0.352864 -0.352872 0.0717103 0.0717085 -0.352872 -0.352856 0.0717021 -0.352864 0.0716996 -0.352856 -0.352856 0.0717213 -0.352856 -0.352856 -0.352864 -0.352864 -0.352864 0.0717143 0.0717118 -0.352856 -0.352864 -0.352872 -0.352856 -0.352856 0.0717142 -0.352856 -0.352864 -0.352864 -0.352872 -0.352856 0.0717134 -0.352831 -0.352872 -0.352864 -0.352864 0.0717092 -0.352856 -0.352856 0.0717125 -0.352856 -0.35288 -0.352856 0.0717069 -0.352864 -0.352864 -0.352856 -0.352848 0.0717182 -0.352856 0.0717126 
0.0486214 0.0486295 -0.00998092 0.0486134 -0.00996887 0.0486134 0.0486215 0.0486132 -0.00997041 0.0486051 0.0486134 0.0486216 0.0486132 0.0486297 0.0486214 0.0486051 -0.00999788 -0.00997284 0.0486297 0.0486217 -0.00997933 0.0486134 -0.00998896 0.0486297 0.0486136 -0.00998734 0.0486214 0.0486134 0.0486215 0.0486132 0.0486052 -0.00997854 -0.00998254 0.0486214 0.0486214 0.0486051 0.0486134 0.0486217 -0.00997852 0.0486295 0.0486132 0.0486051 0.0486132 0.0486297 -0.00998334 0.0486445 0.0486214 0.0486049 0.0486214 -0.00998088 0.0486378 0.0486295 -0.00998089 0.0486216 0.0486134 0.0486053 -0.00997606 0.0486214 0.0486212 0.0486053 0.0486215 -0.00998978 0.0486134 -0.00998657 
-1.20675 -1.20675 0.24222 -1.20676 0.242225 -1.20675 -1.20675 -1.20676 0.242227 -1.20676 -1.20676 -1.20675 -1.20676 -1.20675 -1.20676 -1.20676 0.242219 0.242227 -1.20675 -1.20676 0.242234 -1.20675 0.242232 -1.20676 -1.20675 0.242224 -1.20675 -1.20676 -1.20676 -1.20676 -1.20677 0.242221 0.242229 -1.20675 -1.20676 -1.20677 -1.20676 -1.20675 0.242231 -1.20675 -1.20676 -1.20676 -1.20676 -1.20674 0.242225 -1.20671 -1.20675 -1.20677 -1.20675 0.242223 -1.20675 -1.20675 0.24223 -1.20675 -1.20675 -1.20674 0.242226 -1.20675 -1.20675 -1.20676 -1.20675 0.242226 -1.20675 0.242239 
0.288653 0.288648 -0.0575804 0.288653 -0.0575699 0.288644 0.288649 0.288653 -0.0575755 0.288644 0.288637 0.288649 0.288649 0.288651 0.288649 0.288648 -0.0575796 -0.0575804 0.288641 0.288649 -0.0575659 0.288641 -0.0575844 0.288643 0.288654 -0.0575836 0.288654 0.288641 0.288643 0.288648 0.288636 -0.0575901 -0.0575756 0.288646 0.288648 0.288638 0.288649 0.288647 -0.0575772 0.288642 0.28865 0.288647 0.288642 0.288643 -0.057578 0.288672 0.288657 0.288638 0.288642 -0.0575771 0.288649 0.288641 -0.0575812 0.288652 0.288655 0.288653 -0.0575876 0.288657 0.288649 0.288655 0.288643 -0.0575812 0.288649 -0.0575941 
-0.00872936 -0.00874549 0.002219 -0.00872935 0.00222473 -0.00872937 -0.00874547 -0.00872947 0.00221892 -0.00872947 -0.00872127 -0.0087373 -0.00872949 -0.00872921 -0.00872936 -0.00873754 0.00222311 0.00221975 -0.00872923 -0.00872921 0.0022279 -0.00874547 0.00221412 -0.00872924 -0.00872117 0.0022141 -0.00872937 -0.00872935 -0.00874545 -0.0087456 -0.00873751 0.0022191 0.00221499 -0.00872937 -0.00873743 -0.00873757 -0.00873742 -0.00872115 0.00222227 -0.0087213 -0.00873755 -0.00873754 -0.00872945 -0.00872924 0.00222383 -0.00871392 -0.00872936 -0.00873766 -0.00872936 0.00221407 -0.00873729 -0.0087213 0.00221571 -0.0087373 -0.0087213 -0.00872937 0.0022254 -0.00872937 -0.00873754 -0.00874549 -0.00873741 0.00222866 -0.00872131 0.00222626 
-0.361061 -0.361061 0.0722057 -0.361069 0.0722082 -0.361069 -0.361061 -0.361069 0.0722025 -0.361085 -0.361061 -0.361061 -0.361069 -0.361061 -0.361061 -0.361061 0.0722017 0.072213 -0.361053 -0.361061 0.072213 -0.361069 0.0722033 -0.361061 -0.361061 0.0722082 -0.361061 -0.361061 -0.361069 -0.361069 -0.361069 0.0722122 0.0722017 -0.361077 -0.361061 -0.361077 -0.361069 -0.361069 0.0722025 -0.361069 -0.361069 -0.361077 -0.361085 -0.361061 0.0722122 -0.361053 -0.361069 -0.361085 -0.361061 0.0721977 -0.361069 -0.361053 0.0721961 -0.361061 -0.361077 -0.361069 0.0722025 -0.361045 -0.361077 -0.361061 -0.361069 0.0722114 -0.361061 0.072192 
0.435946 0.435946 -0.133609 0.435946 -0.133627 0.435946 0.435946 0.435946 -0.13362 0.435946 0.435946 0.435946 0.435946 0.435946 0.435946 0.435946 -0.133624 -0.133622 0.435946 0.435946 -0.133623 0.435946 -0.133615 0.435946 0.435946 -0.133613 0.435946 0.435946 0.435946 0.435946 0.435946 -0.133616 -0.133615 0.435946 0.435946 0.435946 0.435946 0.435946 -0.133623 0.435946 0.435946 0.435946 0.435946 0.435946 -0.133621 0.435946 0.435946 0.435946 0.435946 -0.133624 0.435946 0.435946 -0.133617 0.435946 0.435946 0.435946 -0.133624 0.435946 0.435946 0.435946 0.435946 -0.13362 0.435946 -0.133628 
0.785541 0.785549 -0.156748 0.785541 -0.156741 0.785541 0.785543 0.78554 -0.156739 0.785544 0.785549 0.785532 0.785546 0.785543 0.785548 0.785536 -0.156737 -0.156736 0.785555 0.785546 -0.156737 0.785547 -0.156739 0.785529 0.785541 -0.156728 0.785547 0.785541 0.785549 0.785535 0.785539 -0.156746 -0.156736 0.785538 0.785549 0.785543 0.785537 0.785548 -0.156737 0.785543 0.785537 0.785534 0.785531 0.785545 -0.156741 0.785551 0.785547 0.785538 0.785547 -0.156734 0.785548 0.785555 -0.156741 0.785546 0.785551 0.785534 -0.156744 0.785542 0.785538 0.785544 0.78555 -0.156738 0.785543 -0.156741 
0.852558 0.852558 -0.17048 0.852551 -0.170476 0.852566 0.852558 0.852543 -0.17047 0.852551 0.852558 0.85255 0.852558 0.85255 0.852566 0.852566 -0.170489 -0.170477 0.85255 0.852558 -0.170483 0.852558 -0.17047 0.852558 0.852565 -0.170475 0.852558 0.852558 0.852558 0.852551 0.852551 -0.170484 -0.170476 0.852558 0.852551 0.852551 0.852543 0.852558 -0.170473 0.852551 0.852551 0.852551 0.852543 0.852558 -0.170472 0.852551 0.852558 0.852543 0.852566 -0.170469 0.852558 0.852558 -0.170475 0.852558 0.852558 0.852558 -0.170477 0.852558 0.852551 0.852551 0.852558 -0.170475 0.852551 -0.170481 
0.147425 0.14742 -0.0265443 0.147412 -0.026537 0.147429 0.147421 0.147412 -0.0265291 0.147414 0.147418 0.147423 0.14742 0.147428 0.147436 0.147415 -0.0265389 -0.0265266 0.147428 0.147418 -0.0265416 0.147412 -0.0265319 0.14742 0.147423 -0.026541 0.147421 0.147419 0.147409 0.147415 0.147414 -0.0265361 -0.0265413 0.147415 0.147426 0.147414 0.147408 0.147438 -0.0265339 0.147419 0.147417 0.147408 0.147407 0.147423 -0.0265401 0.147436 0.14742 0.147402 0.147415 -0.0265436 0.147421 0.147419 -0.0265238 0.147424 0.147422 0.147417 -0.0265279 0.147412 0.147413 0.147422 0.147415 -0.0265349 0.147424 -0.026532 
0.637383 0.637385 -0.125212 0.637384 -0.125199 0.637381 0.637382 0.637372 -0.125221 0.63738 0.637373 0.637383 0.637384 0.637378 0.637382 0.637381 -0.125214 -0.125219 0.637378 0.637386 -0.125206 0.637379 -0.125213 0.637385 0.637383 -0.125213 0.637381 0.637382 0.637386 0.637391 0.637377 -0.125219 -0.125213 0.637381 0.637395 0.637368 0.637379 0.637374 -0.1252 0.63738 0.637391 0.63738 0.637389 0.637386 -0.125224 0.637403 0.637374 0.63737 0.63738 -0.125214 0.637378 0.63738 -0.125218 0.63739 0.63738 0.637383 -0.125223 0.637382 0.637387 0.637391 0.637376 -0.125229 0.637379 -0.125211 
1.04651 1.04651 -0.208436 1.04651 -0.208438 1.04652 1.04652 1.04651 -0.208432 1.04651 1.04651 1.04652 1.04652 1.04651 1.0465 1.0465 -0.208443 -0.208438 1.04651 1.04652 -0.208436 1.04652 -0.208434 1.0465 1.04652 -0.208444 1.04651 1.0465 1.04651 1.04651 1.0465 -0.208442 -0.20844 1.04652 1.04652 1.04651 1.04651 1.04651 -0.208431 1.04652 1.04652 1.0465 1.0465 1.04651 -0.208441 1.04653 1.04652 1.0465 1.04651 -0.20844 1.0465 1.04651 -0.208446 1.04651 1.04651 1.04652 -0.20844 1.04651 1.0465 1.04651 1.04652 -0.20843 1.04652 -0.208435 
0.678102 0.678083 -0.134452 0.678085 -0.134459 0.678095 0.6781 0.678092 -0.134449 0.678081 0.678085 0.678081 0.678095 0.678083 0.678096 0.678095 -0.134458 -0.134462 0.678095 0.678085 -0.134451 0.678096 -0.134459 0.678095 0.6781 -0.134463 0.678086 0.678092 0.678097 0.678086 0.678092 -0.134462 -0.134459 0.678101 0.678091 0.678086 0.678091 0.678095 -0.134458 0.678079 0.678084 0.678086 0.678083 0.678108 -0.134456 0.678106 0.678095 0.678081 0.678091 -0.134467 0.678099 0.678093 -0.134454 0.678091 0.678093 0.678094 -0.134466 0.678089 0.678084 0.678086 0.678087 -0.134457 0.678099 -0.134457 
0.870126 0.870143 -0.172582 0.87013 -0.172586 0.870129 0.870121 0.87013 -0.172586 0.870122 0.870139 0.870135 0.870128 0.870131 0.870124 0.870123 -0.172574 -0.172571 0.870133 0.870142 -0.172578 0.870139 -0.172573 0.87013 0.87014 -0.172568 0.870137 0.870136 0.870127 0.870115 0.87013 -0.172583 -0.172578 0.870135 0.87013 0.870133 0.870128 0.870126 -0.172592 0.870138 0.870134 0.870118 0.870124 0.870134 -0.172588 0.870139 0.870144 0.870129 0.870136 -0.172583 0.870128 0.870136 -0.172579 0.870134 0.870138 0.870139 -0.172583 0.870129 0.870129 0.870137 0.870139 -0.17258 0.870147 -0.172586 
0.538933 0.538932 -0.104582 0.538929 -0.104594 0.538939 0.538948 0.538933 -0.104593 0.538934 0.538921 0.538931 0.538934 0.538944 0.538944 0.538924 -0.104595 -0.104594 0.538931 0.538943 -0.104585 0.538937 -0.104588 0.538944 0.538934 -0.104601 0.538938 0.538936 0.538938 0.538934 0.538946 -0.104595 -0.104588 0.538933 0.53894 0.538942 0.538935 0.538937 -0.104598 0.538934 0.538933 0.538927 0.538934 0.538942 -0.104591 0.538947 0.538933 0.538925 0.538932 -0.104587 0.53894 0.538932 -0.104587 0.538931 0.538944 0.53894 -0.104589 0.538931 0.53893 0.538935 0.538932 -0.104594 0.538942 -0.104597 
0.935903 0.935911 -0.185934 0.935895 -0.185924 0.935903 0.935895 0.935895 -0.185929 0.935911 0.935903 0.935903 0.935903 0.935895 0.935911 0.935887 -0.185916 -0.185936 0.935903 0.935903 -0.185917 0.935895 -0.185937 0.935895 0.935903 -0.185922 0.935903 0.935903 0.935903 0.935903 0.935895 -0.185927 -0.185939 0.935887 0.935911 0.935903 0.935903 0.935895 -0.185935 0.935903 0.935911 0.935887 0.935903 0.935895 -0.185941 0.935903 0.935895 0.935887 0.935887 -0.185934 0.935903 0.935895 -0.185942 0.935903 0.935895 0.935903 -0.185929 0.935895 0.935903 0.935895 0.935895 -0.18593 0.935903 -0.185928 
0.719638 0.719637 -0.142009 0.719633 -0.142004 0.719625 0.719618 0.719616 -0.142023 0.719623 0.719618 0.719626 0.719625 0.719622 0.719626 0.719612 -0.142006 -0.142014 0.719633 0.719629 -0.142015 0.719625 -0.142008 0.719631 0.719636 -0.14201 0.719623 0.719631 0.719629 0.719621 0.719627 -0.142009 -0.14201 0.719635 0.719636 0.719639 0.719624 0.719618 -0.142008 0.719633 0.719626 0.719618 0.719634 0.719628 -0.142021 0.719604 0.719626 0.719614 0.719622 -0.142023 0.719643 0.719638 -0.142016 0.719634 0.719631 0.719633 -0.142019 0.719631 0.71963 0.719622 0.719622 -0.142008 0.71963 -0.142006 
0.658011 0.65801 -0.136083 0.658008 -0.136082 0.658006 0.658013 0.657998 -0.136081 0.658006 0.658006 0.658005 0.658002 0.658 0.658011 0.658013 -0.136089 -0.136077 0.658014 0.658006 -0.136088 0.658012 -0.136085 0.658013 0.658014 -0.136091 0.658009 0.658004 0.65801 0.658012 0.658002 -0.136077 -0.136077 0.658008 0.658001 0.658008 0.657997 0.658002 -0.136084 0.65801 0.658003 0.658001 0.658002 0.658013 -0.136078 0.657977 0.658009 0.658009 0.65801 -0.13608 0.658006 0.658007 -0.136082 0.658004 0.658008 0.65801 -0.136079 0.658013 0.658007 0.658017 0.658011 -0.13608 0.658015 -0.136085 
0.711582 0.711588 -0.134629 0.711587 -0.13463 0.711584 0.711577 0.711571 -0.134634 0.711588 0.711574 0.711582 0.711582 0.71158 0.711574 0.711584 -0.134629 -0.134621 0.71159 0.711573 -0.134625 0.711589 -0.13462 0.711577 0.711577 -0.134633 0.711581 0.711583 0.711583 0.711587 0.711576 -0.134639 -0.134636 0.711575 0.711576 0.711588 0.711587 0.711583 -0.134627 0.711589 0.711588 0.711574 0.711587 0.711577 -0.134624 0.711549 0.711589 0.711581 0.711593 -0.13463 0.711583 0.711582 -0.134629 0.711584 0.711586 0.711581 -0.134624 0.711578 0.711584 0.711579 0.711587 -0.134628 0.711582 -0.134634 
0.696206 0.696228 -0.137618 0.696215 -0.137621 0.696214 0.696202 0.696203 -0.137623 0.696215 0.696204 0.696214 0.696203 0.696214 0.696215 0.696205 -0.137623 -0.137614 0.696218 0.696208 -0.137612 0.696212 -0.137634 0.696205 0.696207 -0.13763 0.696215 0.696209 0.696209 0.696209 0.696214 -0.137615 -0.137629 0.696221 0.696213 0.696203 0.696216 0.696206 -0.137616 0.696212 0.696206 0.69621 0.696204 0.696208 -0.137617 0.696178 0.696209 0.696196 0.696228 -0.137625 0.696217 0.696202 -0.137622 0.696213 0.696217 0.696219 -0.137623 0.696218 0.696219 0.69622 0.696211 -0.137621 0.696212 -0.13762 
0.672077 0.672085 -0.132767 0.672076 -0.132768 0.672067 0.672083 0.672073 -0.132769 0.672064 0.672074 0.672062 0.67208 0.67207 0.672069 0.672083 -0.132754 -0.132771 0.67207 0.67207 -0.13277 0.672071 -0.13277 0.672071 0.672065 -0.132776 0.672077 0.672071 0.672069 0.67208 0.672068 -0.132762 -0.132765 0.672071 0.672074 0.672084 0.672079 0.672076 -0.132761 0.672075 0.672078 0.672072 0.672072 0.672068 -0.132762 0.67205 0.672076 0.672069 0.672073 -0.132789 0.672061 0.672067 -0.132779 0.672076 0.672081 0.672068 -0.132765 0.672073 0.672065 0.672067 0.672071 -0.132769 0.672072 -0.132772 
0.669416 0.669418 -0.129356 0.669414 -0.129348 0.669424 0.669421 0.669421 -0.129364 0.66941 0.669415 0.669429 0.669416 0.669415 0.669424 0.669418 -0.129355 -0.129349 0.669415 0.669415 -0.129351 0.669413 -0.12935 0.669427 0.669423 -0.129369 0.669435 0.669419 0.669416 0.669423 0.669416 -0.12936 -0.12936 0.669427 0.669417 0.669426 0.669422 0.669415 -0.129349 0.669422 0.669417 0.669425 0.669406 0.669437 -0.129359 0.669389 0.669414 0.669413 0.669426 -0.129362 0.669419 0.669419 -0.129352 0.669429 0.669424 0.669429 -0.129358 0.669432 0.669411 0.669428 0.669414 -0.129361 0.669429 -0.129368 
0.738493 0.738483 -0.145311 0.738474 -0.145301 0.738479 0.738483 0.738482 -0.145308 0.738483 0.738482 0.738483 0.738487 0.738491 0.738491 0.738486 -0.145308 -0.145309 0.738496 0.738484 -0.145304 0.738483 -0.145302 0.738475 0.738483 -0.145318 0.738479 0.738477 0.738467 0.738473 0.738479 -0.145309 -0.145301 0.738491 0.738491 0.738493 0.7385 0.738485 -0.145304 0.738487 0.738484 0.738483 0.738477 0.73848 -0.145308 0.738447 0.738484 0.738474 0.738486 -0.145321 0.738487 0.738493 -0.145319 0.738475 0.738479 0.738477 -0.145314 0.738483 0.738481 0.738487 0.738476 -0.145314 0.738479 -0.145305 
0.667991 0.667997 -0.131389 0.667988 -0.131389 0.667988 0.667987 0.667981 -0.131388 0.667982 0.667984 0.667988 0.667985 0.668003 0.667989 0.667994 -0.131387 -0.131393 0.667995 0.667989 -0.131384 0.667987 -0.13141 0.667985 0.667984 -0.131394 0.667991 0.667975 0.667977 0.667973 0.667979 -0.131401 -0.131393 0.667989 0.667992 0.667978 0.667974 0.667986 -0.131387 0.667988 0.667984 0.667979 0.66798 0.667985 -0.131388 0.667953 0.667987 0.66798 0.667993 -0.131391 0.667989 0.667985 -0.131394 0.667991 0.667993 0.667983 -0.131394 0.667976 0.66798 0.66799 0.667984 -0.131392 0.667987 -0.131394 
0.667703 0.667713 -0.136303 0.667712 -0.136316 0.667709 0.667708 0.667706 -0.13629 0.667708 0.667704 0.667702 0.667713 0.667702 0.667705 0.667704 -0.136296 -0.136307 0.667704 0.66771 -0.136304 0.66771 -0.136309 0.667702 0.667698 -0.136299 0.667711 0.667709 0.667699 0.667712 0.667716 -0.136303 -0.136311 0.667713 0.667711 0.66771 0.667706 0.667711 -0.136305 0.667709 0.667702 0.667711 0.667708 0.667714 -0.136311 0.667683 0.667711 0.667706 0.667713 -0.136305 0.667705 0.667701 -0.136303 0.667709 0.6677 0.667713 -0.136311 0.6677 0.66771 0.667704 0.667715 -0.136304 0.667703 -0.136311 
0.698829 0.698835 -0.141866 0.698831 -0.141854 0.698824 0.698829 0.698829 -0.141859 0.698823 0.698825 0.698823 0.69882 0.698833 0.698832 0.698833 -0.141852 -0.141856 0.698837 0.698831 -0.141853 0.698826 -0.14185 0.698833 0.698823 -0.141855 0.698836 0.698826 0.698825 0.698811 0.698826 -0.141856 -0.141847 0.69883 0.698832 0.698835 0.69883 0.698834 -0.141858 0.698833 0.698836 0.698825 0.698831 0.698841 -0.141858 0.698786 0.698836 0.698821 0.698824 -0.141856 0.698841 0.698833 -0.141851 0.698844 0.698826 0.698828 -0.141848 0.698827 0.698829 0.698823 0.698827 -0.141855 0.698828 -0.141852 
0.819608 0.819601 -0.163522 0.819597 -0.163528 0.819603 0.819601 0.819605 -0.163527 0.8196 0.819612 0.819604 0.819607 0.819606 0.819604 0.819595 -0.163527 -0.163525 0.819601 0.8196 -0.163532 0.819612 -0.163524 0.819606 0.819604 -0.163532 0.819604 0.819605 0.819607 0.819611 0.819601 -0.163531 -0.163518 0.819605 0.81961 0.819591 0.819598 0.819611 -0.163532 0.819596 0.81959 0.819598 0.819583 0.819601 -0.163531 0.819571 0.819596 0.819584 0.819595 -0.163517 0.819587 0.819595 -0.163528 0.819612 0.819598 0.819603 -0.163531 0.819601 0.819597 0.819594 0.819608 -0.163539 0.819608 -0.163531 
0.672303 0.672312 -0.134737 0.672316 -0.134746 0.672314 0.672315 0.672307 -0.134748 0.672319 0.672303 0.672315 0.672317 0.672308 0.6723 0.672311 -0.134758 -0.134755 0.672302 0.672315 -0.134752 0.672308 -0.134737 0.672308 0.672316 -0.134736 0.672314 0.672302 0.672305 0.672316 0.672317 -0.134743 -0.134742 0.67231 0.67231 0.672312 0.672312 0.672313 -0.134741 0.672304 0.672307 0.672323 0.672311 0.672307 -0.13475 0.672285 0.672316 0.672311 0.67231 -0.13475 0.672312 0.672312 -0.134752 0.672314 0.672303 0.672307 -0.134747 0.672307 0.672314 0.672312 0.672301 -0.134751 0.672306 -0.134745 
0.673145 0.67315 -0.127962 0.673138 -0.127984 0.67315 0.673134 0.673127 -0.12797 0.673133 0.673135 0.67315 0.673145 0.673139 0.673143 0.673138 -0.127966 -0.127975 0.673149 0.673142 -0.127974 0.673136 -0.127963 0.673151 0.673145 -0.127967 0.673142 0.673142 0.673128 0.673137 0.673124 -0.127961 -0.127964 0.673146 0.67315 0.673145 0.673149 0.67314 -0.127973 0.673139 0.673151 0.673139 0.673133 0.673137 -0.127969 0.673108 0.673151 0.673136 0.673141 -0.127973 0.673144 0.673147 -0.12797 0.673141 0.673145 0.673145 -0.12797 0.673144 0.673141 0.67315 0.673141 -0.127972 0.673144 -0.127966 
0.665836 0.665833 -0.121975 0.665832 -0.121976 0.665836 0.665838 0.665843 -0.121986 0.665834 0.66583 0.665842 0.665844 0.665835 0.665835 0.665827 -0.121975 -0.121994 0.665831 0.665833 -0.121985 0.665838 -0.12199 0.665831 0.665829 -0.121993 0.665833 0.665832 0.665822 0.66584 0.665825 -0.121976 -0.121984 0.665835 0.665837 0.665845 0.665836 0.665835 -0.121985 0.665854 0.665833 0.665829 0.66584 0.665832 -0.121991 0.665805 0.665831 0.665849 0.665833 -0.121985 0.665833 0.66584 -0.121987 0.665837 0.665823 0.665836 -0.12198 0.665828 0.665838 0.66583 0.665834 -0.121977 0.665819 -0.121978 
0.605797 0.605795 -0.119887 0.605801 -0.119878 0.60579 0.605808 0.605808 -0.119894 0.605796 0.605806 0.6058 0.605801 0.605805 0.605796 0.605806 -0.119888 -0.119889 0.605791 0.605802 -0.119888 0.605791 -0.119888 0.605807 0.605816 -0.11989 0.605804 0.605811 0.605808 0.605805 0.605801 -0.119879 -0.119887 0.605802 0.605816 0.605801 0.605804 0.605805 -0.119881 0.605799 0.605808 0.605808 0.605801 0.605801 -0.119885 0.60579 0.605796 0.605804 0.605809 -0.119883 0.605803 0.605805 -0.119895 0.605806 0.605797 0.605816 -0.119894 0.605804 0.605814 0.605798 0.605808 -0.11989 0.605799 -0.119884 
0.241834 0.241831 -0.0470197 0.241835 -0.0470397 0.241841 0.241831 0.241831 -0.0470292 0.241833 0.24184 0.24183 0.241836 0.241836 0.241827 0.241828 -0.0470312 -0.0470367 0.24183 0.241827 -0.0470327 0.241838 -0.0470274 0.241827 0.241833 -0.0470292 0.241835 0.241831 0.241831 0.241839 0.241829 -0.0470375 -0.0470324 0.241849 0.241838 0.24183 0.241826 0.241844 -0.0470296 0.241848 0.241832 0.24184 0.241831 0.241836 -0.0470238 0.241824 0.241844 0.241823 0.241844 -0.0470254 0.241827 0.241833 -0.0470283 0.241828 0.241841 0.241841 -0.0470303 0.241838 0.241829 0.241828 0.241831 -0.047034 0.241831 -0.0470316 
1.9916 1.9916 -0.957781 1.9916 -0.957769 1.9916 1.9916 1.9916 -0.95778 1.9916 1.9916 1.9916 1.9916 1.9916 1.9916 1.9916 -0.957772 -0.957777 1.9916 1.9916 -0.957772 1.9916 -0.957783 1.9916 1.9916 -0.957775 1.9916 1.9916 1.9916 1.9916 1.9916 -0.95777 -0.957778 1.9916 1.9916 1.9916 1.9916 1.9916 -0.957778 1.9916 1.9916 1.9916 1.9916 1.9916 -0.957773 1.9916 1.9916 1.9916 1.9916 -0.957775 1.9916 1.9916 -0.957777 1.9916 1.9916 1.9916 -0.957779 1.9916 1.9916 1.9916 1.9916 -0.957775 1.9916 -0.957776 
-2.42716 
-2.42716 
2.81511 
-2.42716 
2.81521 
-2.42716 
-2.42716 
-2.42715 
2.81501 
-2.42715 
-2.42716 
-2.42717 
-2.42715 
-2.42717 
-2.42716 
-2.42715 
2.8152 
2.81504 
-2.42717 
-2.42717 
2.81514 
-2.42716 
2.81505 
-2.42717 
-2.42717 
2.81504 
-2.42716 
-2.42716 
-2.42716 
-2.42715 
-2.42715 
2.81522 
2.81513 
-2.42716 
-2.42716 
-2.42715 
-2.42716 
-2.42717 
2.81516 
-2.42716 
-2.42715 
-2.42715 
-2.42715 
-2.42717 
2.8151 
-2.42712 
-2.42716 
-2.42715 
-2.42716 
2.815 
-2.42717 
-2.42716 
2.81504 
-2.42717 
-2.42716 
-2.42716 
2.81505 
-2.42716 
-2.42715 
-2.42716 
-2.42716 
2.8151 
-2.42716 
2.81512 
-17.4966 

# Training State Metadata
FILENAME tetris_model.txt
EPSILON 0.138197
EPSILON_MIN 0.05
EPSILON_DECAY 0.995
LEARNING_RATE 0.001
GAMMA 0.99
TRAINING_EPISODES 33219
TOTAL_GAMES 810
BEST_SCORE 14706
AVERAGE_SCORE 1362.67
PREVIOUS_AVG_SCORE 1362.67
